,86,97,83,51,47,15,32,79,35,78,89,55,77,3,57,24,49,64,63,28,43,62,37,70,42,48,43,55,26,39,43,17,43,29,63,60,71,35,43,8,50,82,64,74,55,10,47,79,75,63,32,64,65,105,67,17,35,38,91,36,12,32,29,18,61,31,83,54,15,58,38,34,33,46,32,23,60,26,15,108,79,64,10,36,56,43,46,33,12,40,58,8,53,62,76,59,66,94,57,27,34,61,41,49,42,76,38,39,61,48,31,31,33,40,10,53,65,38,92,78,66,30,44,40,78,73,19,30,39,41,61,34,12,72,53,58,58,59,27,24,66,106,70,50,43,64,39,20,62,47,43,63,71,48,34,67,44,70,68,33,52,45,52,44,13,41,40,98,43,67,37,41,57,46,42,45
2147483647,,143,134,105,119,88,83,130,109,129,140,106,123,77,42,75,100,115,114,103,118,47,88,121,93,99,94,74,77,90,94,87,118,80,114,111,116,71,94,82,34,129,115,121,76,92,99,151,126,114,83,115,116,151,54,67,86,89,138,116,85,83,77,94,115,79,155,36,85,26,85,108,68,97,97,74,111,57,88,154,152,115,83,87,107,94,38,102,85,106,109,74,104,112,127,44,117,141,108,96,106,112,96,100,50,9,89,90,46,67,104,106,108,95,83,104,84,46,2147483647,124,53,81,95,91,150,124,89,81,113,49,49,85,81,123,72,109,109,110,110,99,117,152,15,36,51,21,87,77,113,98,56,23,122,122,104,118,114,20,55,107,103,115,103,95,87,92,91,145,117,54,106,92,108,118,62,77
99,150,,119,118,29,107,98,115,127,114,125,123,21,95,121,76,116,99,98,119,134,126,105,104,122,86,111,120,71,109,112,103,135,95,98,93,27,102,79,101,115,14,100,23,127,99,113,48,111,97,68,97,101,7,131,84,66,74,6,128,104,112,93,107,126,85,44,117,101,122,91,126,100,113,135,70,94,93,107,10,54,99,101,108,91,79,111,43,104,122,93,90,88,97,111,123,102,3,91,49,126,95,108,116,107,140,74,75,125,128,123,120,122,107,102,95,135,103,55,18,130,63,63,107,49,100,112,114,131,106,125,70,97,107,122,93,93,94,115,112,100,8,134,115,109,128,92,93,95,83,113,129,106,140,126,102,29,134,131,125,39,29,120,82,105,79,109,1,135,131,39,109,99,28,109,108
82,136,120,,104,96,90,84,4,109,5,12,109,100,79,107,60,102,43,42,102,120,112,91,57,107,67,97,106,58,95,99,89,118,81,24,47,94,88,60,84,101,105,21,97,110,85,99,151,10,50,52,51,19,128,117,70,58,69,114,116,87,98,79,93,114,66,155,103,87,108,73,112,86,63,99,62,39,79,87,131,152,22,87,94,35,60,97,105,87,108,29,76,32,40,12,109,19,117,43,111,106,48,94,35,93,126,55,56,111,101,105,106,108,93,85,39,118,89,2147483647,101,116,55,64,93,150,51,95,83,113,92,111,51,83,27,106,37,45,38,101,98,53,129,120,101,95,114,74,79,49,37,99,113,15,122,104,46,91,120,117,106,101,92,108,63,88,47,96,121,117,117,102,46,44,95,95,94
50,103,115,101,,90,58,49,97,78,96,107,32,95,46,75,42,25,81,80,70,85,80,11,87,31,67,20,30,44,18,21,54,89,46,80,77,89,53,60,53,68,100,82,92,42,51,22,120,93,80,50,81,83,123,85,34,53,69,109,79,55,21,44,61,34,46,124,71,52,75,52,77,50,64,44,41,77,44,58,126,121,81,52,17,73,60,64,100,55,73,75,50,70,79,93,77,84,112,73,106,77,78,8,73,59,93,55,56,79,37,74,75,77,14,53,69,44,56,2147483647,96,84,51,59,16,119,89,63,23,85,60,79,51,48,90,32,75,75,76,79,74,83,124,87,68,61,81,54,44,79,65,66,82,88,94,77,84,86,87,85,78,96,87,28,63,56,61,18,116,89,85,96,60,74,89,41,59
54,115,28,92,93,,61,63,88,92,87,98,96,8,49,86,49,89,72,71,74,99,91,78,78,95,68,83,93,46,83,85,33,92,60,71,68,7,67,61,56,80,13,73,5,99,61,86,46,84,71,41,72,74,36,96,51,44,70,22,82,58,64,58,77,100,36,42,82,31,87,29,91,65,65,108,41,68,58,61,39,52,72,56,81,64,51,76,18,58,87,66,43,61,69,84,88,75,25,64,25,78,69,81,64,72,105,56,47,90,101,77,78,80,80,56,60,108,68,53,9,95,42,36,80,47,80,63,62,88,71,90,42,40,81,95,66,66,67,85,82,74,37,99,80,74,93,27,58,70,56,78,92,79,97,77,75,5,99,96,79,14,2,93,64,57,52,82,29,92,96,15,51,65,0,105,73
16,90,98,88,58,72,,36,84,58,83,94,64,77,12,62,29,54,69,68,38,51,67,43,75,60,54,49,60,31,48,50,39,54,33,68,65,71,40,47,6,55,83,69,75,59,18,51,87,80,68,37,69,70,105,72,20,40,56,92,48,3,37,31,29,64,33,91,58,37,62,39,45,37,51,73,28,65,31,23,108,88,69,18,41,61,48,51,82,20,60,63,16,58,66,81,64,71,95,61,88,43,66,46,61,46,80,42,44,66,53,41,42,44,45,4,57,70,43,101,79,71,35,46,45,86,77,25,35,50,47,66,39,19,77,58,63,63,64,46,34,71,106,74,55,48,68,41,31,67,52,53,69,76,59,41,72,68,74,72,44,78,69,57,50,19,49,47,99,54,72,78,48,62,72,47,46
30,86,94,83,36,68,38,,79,61,78,89,39,73,27,58,25,32,63,64,53,68,63,20,69,38,50,28,36,35,18,12,37,71,3,62,57,67,34,43,33,51,79,64,71,53,42,29,102,75,61,32,61,65,101,68,16,35,52,88,62,39,14,6,44,60,29,106,54,35,58,35,60,32,47,50,24,59,26,38,104,103,63,33,20,55,41,47,78,35,54,57,24,52,65,75,60,66,91,55,84,60,59,24,55,42,76,42,39,62,47,56,57,59,23,34,52,64,39,116,75,67,32,42,17,101,71,43,25,67,43,62,34,35,72,39,57,56,58,52,49,60,102,70,51,44,64,37,27,59,47,49,65,70,76,55,66,64,70,68,57,74,65,53,46,36,43,15,95,71,68,74,42,56,68,41,43
78,132,116,3,100,92,86,80,,105,2,9,105,96,75,103,56,98,39,38,98,116,108,87,53,103,63,93,102,54,91,95,85,114,77,20,43,90,84,56,80,97,101,17,93,106,81,95,147,6,46,48,47,15,124,113,66,54,65,110,112,83,94,75,89,110,62,151,99,83,104,69,108,82,59,95,58,35,75,83,127,148,18,83,90,31,56,93,101,83,104,25,72,28,36,8,105,14,113,39,107,102,44,90,31,89,122,51,52,107,97,101,102,104,89,81,35,114,85,2147483647,97,112,51,60,89,146,47,91,79,109,88,107,47,79,23,102,33,41,34,97,94,49,125,116,97,91,110,70,75,45,33,95,109,11,118,100,42,87,116,113,102,97,88,104,59,84,43,92,117,113,113,98,42,40,91,91,90
30,105,120,105,75,95,39,53,101,,100,111,81,100,27,76,46,71,86,85,7,13,81,60,92,77,71,66,79,48,64,56,56,17,50,85,82,94,57,64,33,70,105,86,97,85,24,68,56,97,85,54,86,87,128,86,37,57,73,114,5,39,54,48,24,81,50,60,72,54,77,56,3,55,68,90,45,82,48,20,131,57,86,25,58,78,65,66,105,23,77,80,32,75,83,98,78,88,117,78,65,4,83,63,78,62,95,59,61,80,86,9,10,12,62,34,74,94,58,70,101,85,52,63,62,55,94,43,52,12,61,80,56,35,94,81,80,80,81,14,11,88,129,89,70,64,83,58,48,84,69,68,82,93,21,6,89,91,89,86,6,101,92,74,67,37,66,62,121,16,86,102,65,79,94,90,63
76,130,114,5,98,90,84,78,2,103,,11,103,94,73,101,54,96,37,36,96,114,106,85,51,101,61,91,100,52,89,93,83,112,75,18,41,88,82,54,78,95,99,15,91,104,79,93,145,4,42,46,43,13,122,111,64,52,63,108,110,81,92,73,87,108,60,149,97,81,102,67,106,80,33,93,56,33,73,81,125,146,16,81,88,29,54,91,99,81,102,23,70,26,34,6,103,13,111,37,105,100,42,88,29,87,120,49,50,105,95,99,100,102,87,79,33,112,83,2147483647,95,110,49,58,87,144,45,89,77,107,86,105,45,77,21,100,31,39,32,95,92,47,123,114,95,89,108,68,73,43,31,93,107,9,116,98,40,85,114,111,100,95,86,99,57,82,41,90,115,111,111,96,37,38,89,89,88
87,141,136,12,109,100,95,89,9,114,11,,114,115,84,112,65,107,48,47,107,125,117,96,62,112,72,102,111,63,100,104,94,123,86,29,52,99,93,65,89,106,121,26,113,115,90,104,154,15,55,57,56,25,143,122,75,63,74,130,121,92,103,84,98,119,71,150,108,92,113,78,117,91,68,104,67,44,84,92,147,2147483647,27,92,99,40,65,102,109,92,113,34,81,37,46,18,114,24,133,48,103,111,53,99,40,98,131,60,61,116,106,110,111,113,98,90,44,123,94,2147483647,117,121,60,69,98,155,56,100,88,118,97,116,56,88,32,111,42,50,43,106,103,58,144,125,106,100,119,79,84,54,42,104,120,21,127,109,51,96,125,122,111,92,97,113,68,93,52,101,137,122,122,113,51,49,99,100,99
49,105,113,104,29,93,57,51,100,80,99,110,,92,46,77,45,13,84,83,72,87,82,14,90,33,71,7,12,46,20,23,56,90,48,83,80,92,55,64,52,70,98,85,90,24,61,24,121,96,83,53,84,86,120,87,36,56,73,107,81,54,23,46,63,36,48,125,73,54,77,54,79,52,66,46,43,80,46,57,123,122,84,52,19,76,64,66,103,54,75,78,43,73,81,96,79,87,110,76,109,79,81,21,76,61,95,59,60,81,19,75,76,78,16,52,72,26,58,2147483647,94,86,54,62,18,120,92,62,25,86,62,81,55,49,93,14,78,78,79,71,68,86,121,89,70,63,83,56,46,82,68,68,84,91,95,74,87,89,89,87,76,99,90,21,67,55,64,21,114,90,87,99,63,77,92,23,61
58,129,20,98,99,8,65,77,94,85,93,104,102,,53,100,55,95,78,77,78,93,105,84,84,101,64,89,99,50,89,91,37,96,74,77,74,6,81,57,60,94,5,79,2,105,65,92,38,90,77,47,78,80,27,110,54,50,53,14,86,62,78,72,80,106,74,34,96,34,101,32,84,79,92,114,55,74,72,65,30,44,78,60,82,70,57,90,22,62,91,72,47,67,75,90,102,81,17,70,28,82,75,87,70,86,119,52,53,104,107,81,82,84,86,60,66,114,82,45,2,109,48,42,86,39,86,67,76,92,85,104,48,43,87,101,72,72,73,88,85,80,28,113,94,88,107,31,64,76,62,92,108,85,101,81,81,8,113,110,83,18,8,99,60,61,58,88,21,96,110,19,57,71,8,111,87
3,77,87,77,45,58,12,25,73,31,72,83,53,66,,52,18,43,57,59,24,39,57,31,64,49,43,38,51,20,37,38,27,42,22,57,52,58,29,36,7,44,72,58,64,46,5,40,73,69,56,25,56,59,94,61,9,28,45,81,35,12,26,20,16,53,22,77,48,24,52,28,33,26,46,62,17,53,20,11,97,74,58,6,35,49,36,40,42,8,17,52,4,46,60,70,54,60,84,50,36,30,54,37,49,35,70,36,32,56,40,28,29,31,34,7,47,66,32,87,68,60,25,35,34,72,65,16,24,37,36,56,27,23,66,53,51,51,52,33,22,55,95,64,44,37,58,30,11,54,41,42,59,65,46,29,60,55,64,62,32,43,56,46,39,9,38,36,88,42,61,47,41,51,58,34,36
54,42,119,105,75,95,62,53,101,82,100,111,78,99,50,,47,71,85,85,74,89,4,60,91,77,71,58,48,48,63,56,58,93,50,85,80,93,57,64,56,6,104,86,96,47,54,68,126,97,84,53,84,87,127,9,39,56,73,113,83,59,54,48,65,81,50,130,2,56,14,56,81,32,68,90,45,81,30,62,130,126,86,56,58,78,65,11,104,59,77,80,45,75,83,98,2,88,116,78,67,79,82,63,71,21,31,59,61,4,40,77,79,81,62,57,77,57,18,139,100,8,54,63,62,125,87,67,52,89,22,4,56,52,93,45,80,80,81,83,70,87,128,26,8,23,19,58,48,83,69,28,21,93,98,77,89,90,26,10,80,100,91,74,67,60,66,65,120,93,9,100,64,82,94,35,37
25,76,71,60,44,46,33,24,55,67,54,65,49,51,18,51,,42,39,38,45,60,56,31,45,48,25,36,46,1,36,37,27,63,21,38,33,44,28,18,28,43,56,39,48,58,34,39,95,50,44,7,45,40,78,60,10,8,13,65,54,34,38,19,36,59,12,99,47,25,51,18,52,25,21,61,2,35,19,33,82,96,39,27,34,31,18,39,43,30,48,33,16,28,36,51,53,41,68,31,37,52,35,36,24,34,69,13,14,55,54,49,50,51,33,29,28,61,31,109,52,59,5,13,33,94,47,38,23,59,35,55,9,24,47,49,33,32,34,44,41,36,79,63,43,36,57,20,19,35,22,41,58,44,68,52,42,42,63,61,53,33,42,46,21,26,19,35,72,63,60,48,17,32,45,33,35
46,102,110,101,26,90,54,48,97,77,96,107,20,89,43,74,42,,81,80,69,84,79,12,87,30,68,5,18,43,17,21,53,87,45,80,77,89,52,61,49,67,95,82,87,30,58,21,118,93,80,50,81,83,117,84,33,53,70,104,78,51,21,43,60,28,45,122,70,51,74,51,76,49,63,43,40,77,43,54,120,119,81,49,16,73,61,63,100,51,72,75,40,70,79,93,76,84,107,73,106,76,78,18,73,58,92,56,57,78,26,72,73,75,14,49,69,33,55,2147483647,91,83,51,59,15,117,89,59,22,83,59,78,52,46,90,21,75,75,76,68,65,83,118,86,67,60,80,53,43,79,65,65,81,88,92,71,84,86,86,84,73,96,87,13,64,52,61,18,111,87,84,96,60,74,89,30,58
60,114,119,34,81,72,68,62,29,90,28,39,86,99,57,85,37,79,,19,83,98,90,68,35,85,44,74,83,35,71,65,67,98,59,12,23,71,66,37,62,79,104,13,96,90,63,76,137,24,24,30,25,14,127,95,48,35,46,113,91,65,63,57,74,89,48,133,81,65,86,54,89,64,17,77,39,3,57,68,130,2147483647,13,63,67,12,22,75,82,65,86,7,54,10,17,33,87,15,116,20,76,86,25,71,13,71,104,32,34,89,79,86,86,89,70,63,18,2147483647,67,2147483647,100,94,32,41,70,138,9,73,61,94,70,89,28,61,21,85,13,22,15,82,79,26,128,98,79,73,92,55,57,25,15,77,93,18,103,85,23,68,98,95,87,68,69,82,40,66,24,73,121,98,95,86,21,22,71,73,72
62,115,107,42,83,81,70,61,37,90,36,47,86,87,58,87,37,79,20,,82,97,92,67,14,85,44,74,85,35,72,76,66,101,58,19,25,80,65,37,65,80,92,22,84,84,63,76,132,32,7,29,8,22,114,97,47,35,46,101,91,67,62,56,73,89,42,136,83,64,87,49,89,62,18,98,38,17,56,70,118,133,20,64,71,7,37,76,91,67,85,13,62,11,1,34,89,24,104,19,97,89,10,71,14,71,105,29,34,91,78,86,87,89,70,65,18,95,68,2147483647,88,96,32,41,70,131,29,75,60,97,72,91,28,60,29,83,5,23,4,91,86,11,115,99,80,73,93,50,56,27,16,78,94,26,106,89,2,78,99,97,90,87,78,82,40,68,26,73,108,101,97,87,22,7,81,72,71
21,95,103,93,63,78,33,42,89,21,88,99,70,82,21,67,34,59,74,73,,14,72,48,80,65,60,54,66,36,53,55,45,16,39,73,70,77,45,53,27,60,88,74,80,64,17,56,49,85,73,42,74,75,110,77,25,45,62,97,8,33,42,37,7,69,38,53,63,43,67,44,6,42,56,78,33,70,36,14,113,50,74,17,47,66,53,56,87,15,68,68,26,63,72,86,69,76,100,66,93,6,71,51,66,51,85,48,49,71,58,2,4,6,50,28,62,76,48,63,84,77,40,51,50,48,82,39,40,11,52,71,44,29,82,64,68,68,69,6,3,76,111,80,60,53,73,46,22,72,57,58,74,81,20,3,77,74,79,77,3,83,75,62,56,33,54,52,104,16,77,83,53,67,78,52,51
43,113,128,113,83,103,47,61,109,7,108,119,89,108,35,84,54,79,94,93,15,,89,68,100,85,79,74,87,56,72,64,64,25,58,93,90,102,65,72,41,78,113,94,105,93,32,76,64,105,93,62,94,95,136,94,45,65,81,122,12,47,62,56,32,89,58,68,80,62,85,64,10,63,76,98,53,90,56,28,139,65,94,32,66,86,73,74,113,30,83,88,40,83,91,106,86,96,125,86,73,12,91,71,86,70,103,67,69,88,94,17,18,20,70,42,82,102,66,78,109,93,60,71,70,63,102,56,60,20,69,88,64,43,102,89,88,88,89,22,19,96,137,97,78,72,91,66,55,92,77,76,90,101,29,14,97,99,97,94,14,109,100,82,75,49,74,70,129,24,94,110,73,87,102,98,71
59,47,124,110,80,100,67,58,106,87,105,116,83,104,55,5,52,76,90,90,79,94,,65,96,82,76,63,53,53,68,61,63,98,55,90,85,98,62,69,61,11,109,91,101,52,59,73,131,102,89,58,89,92,132,3,44,61,78,118,88,64,59,53,70,86,55,135,7,61,19,61,86,38,73,95,50,86,36,67,135,131,91,61,63,83,70,16,109,64,82,85,50,80,88,103,3,93,121,83,72,84,87,68,76,26,37,64,66,1,45,82,84,86,67,62,82,62,24,144,105,2,59,68,67,130,92,72,57,94,27,1,61,57,98,50,85,85,86,88,75,92,133,31,13,29,25,63,53,88,74,34,26,98,103,82,94,95,31,4,85,105,96,79,72,65,71,70,125,98,4,105,69,87,99,40,42
35,89,99,90,13,72,43,18,86,80,85,96,18,78,31,64,31,14,70,71,57,73,69,,76,16,55,6,17,42,3,7,40,73,15,69,64,71,41,54,38,56,84,71,76,29,37,9,106,82,68,39,68,72,106,73,22,42,45,93,67,44,8,13,48,29,34,110,60,38,64,40,64,38,59,29,31,66,32,42,109,107,70,37,5,62,49,52,56,39,61,64,29,59,72,82,66,73,96,62,50,62,66,5,62,47,82,59,46,68,24,60,61,63,2,39,59,31,44,2147483647,80,72,39,47,2,105,78,46,10,69,48,68,40,37,79,19,64,63,65,65,53,67,107,76,56,49,70,42,32,66,54,54,71,77,78,60,73,69,76,74,63,55,70,16,51,40,50,4,100,73,73,61,54,63,72,46,48
70,121,104,57,91,79,78,69,52,98,51,62,94,84,66,92,45,87,32,9,90,105,97,76,,93,57,81,91,43,81,83,74,109,66,34,9,78,73,50,73,86,89,36,81,97,80,84,142,47,6,37,5,37,112,102,55,44,59,98,99,75,70,64,81,97,51,146,88,72,93,58,97,71,29,106,47,28,64,78,115,152,35,72,74,16,35,82,89,75,93,29,61,22,10,44,94,38,101,26,95,95,3,79,26,78,111,35,34,96,99,94,95,97,78,73,15,106,74,2147483647,85,101,40,48,78,141,41,83,68,105,77,96,35,68,44,93,14,12,13,99,86,3,113,105,86,80,99,59,64,12,22,84,98,41,114,94,10,75,105,102,96,85,76,90,53,76,32,80,105,109,102,86,33,12,78,103,79
36,93,117,93,29,92,44,39,89,64,88,99,34,97,32,65,34,27,73,72,57,71,70,15,79,,57,22,32,36,15,18,44,75,36,72,69,91,43,50,39,58,102,73,94,44,37,24,2147483647,85,72,52,73,74,125,75,23,55,59,111,65,41,8,33,51,36,36,2147483647,61,42,65,42,63,40,54,13,43,69,34,44,128,2147483647,73,39,12,65,62,54,102,41,21,67,31,62,70,85,67,75,114,65,53,63,70,21,65,49,83,45,58,69,40,60,61,63,18,39,61,47,46,2147483647,98,74,53,61,13,2147483647,81,49,9,71,50,69,53,38,81,35,67,67,68,59,56,75,126,77,58,51,71,44,34,71,56,56,72,80,80,63,76,88,77,75,64,98,89,29,53,42,53,16,118,75,75,99,52,66,91,50,49
44,59,102,65,68,76,52,46,61,75,60,71,74,82,41,34,35,64,45,46,67,82,39,53,51,70,,59,70,36,58,60,51,85,43,44,39,75,50,7,47,26,88,46,79,69,56,61,116,57,43,20,43,47,110,43,31,23,10,97,76,49,47,41,58,74,38,120,30,49,34,44,74,47,34,83,33,41,41,52,113,117,45,47,51,37,24,22,86,49,70,39,38,34,47,57,36,48,99,37,92,74,41,56,37,16,52,11,21,38,63,70,71,73,55,47,34,80,15,130,83,42,20,29,55,115,53,57,45,81,19,38,16,44,54,68,39,38,40,66,63,42,111,46,26,20,40,45,41,41,29,9,41,52,90,69,48,73,46,44,71,82,74,67,3,50,25,57,104,85,43,82,29,38,76,57,56
41,97,105,95,21,85,49,43,91,72,90,101,11,84,38,69,36,6,75,76,64,79,74,6,81,25,62,,9,48,13,18,48,82,40,74,69,84,45,55,44,62,90,76,82,21,53,16,113,87,73,44,73,77,112,79,28,47,64,99,73,50,14,38,55,34,40,117,65,46,69,46,71,43,65,38,35,71,37,49,115,114,75,44,11,67,55,58,95,46,67,69,35,64,77,87,71,78,102,67,101,71,71,13,68,53,87,54,51,73,17,67,68,70,8,45,64,24,50,2147483647,86,78,44,53,12,112,83,54,16,78,54,73,46,46,84,12,69,68,70,63,60,72,113,81,62,55,75,48,38,71,59,60,76,82,87,66,78,81,81,79,68,91,82,22,58,47,55,14,106,82,79,91,60,68,84,52,54
52,76,118,103,31,93,60,51,99,80,98,109,15,98,48,48,44,20,83,82,72,87,53,16,89,33,69,8,,46,21,24,56,91,48,82,79,92,36,62,55,41,103,84,95,7,62,24,124,95,82,52,83,85,126,57,36,55,71,112,81,57,24,46,63,36,48,132,44,54,48,54,79,33,66,46,43,79,28,60,129,134,83,54,20,75,62,37,103,57,75,77,44,72,80,95,50,86,115,75,109,77,80,19,75,32,66,57,58,52,8,76,77,79,18,55,71,15,29,2147483647,99,56,53,61,19,123,91,65,26,87,33,52,53,50,92,3,77,77,78,81,68,85,127,60,40,34,54,56,46,81,67,39,55,90,96,76,86,89,60,58,78,99,90,30,65,58,63,21,119,91,57,99,62,76,92,12,17
26,79,66,58,47,41,34,25,53,68,52,63,50,46,20,51,3,43,37,36,46,61,56,32,43,49,23,38,47,,37,39,30,64,22,36,31,39,27,16,29,44,51,37,43,46,35,40,96,48,42,5,43,38,73,61,10,6,11,60,55,35,39,20,37,54,14,100,47,28,51,20,53,25,19,62,3,33,19,34,77,97,37,28,35,29,16,40,50,31,49,31,17,26,35,49,53,39,63,29,25,53,33,55,22,35,69,11,12,55,40,50,51,52,34,30,26,57,32,110,47,60,3,11,34,95,45,39,24,60,36,55,7,31,45,50,31,30,32,45,42,34,74,63,44,37,57,22,20,33,20,42,58,42,69,53,40,37,63,61,54,35,37,46,19,32,17,36,67,64,61,46,15,30,40,34,36
40,96,104,94,20,84,48,17,90,71,89,100,25,83,37,68,35,18,74,75,63,78,73,5,80,15,61,12,22,47,,5,47,81,14,73,68,83,44,54,43,61,89,75,81,34,52,15,112,86,72,43,72,76,111,78,27,46,63,98,72,49,14,11,54,35,39,116,64,45,68,45,70,42,64,28,34,70,36,48,114,113,74,43,11,66,54,57,94,45,66,68,34,63,76,86,70,77,101,66,100,70,70,12,67,52,86,53,50,72,30,66,67,69,3,44,63,37,49,2147483647,85,77,43,52,1,111,82,53,16,77,53,72,45,45,83,25,68,67,69,62,59,71,112,80,61,54,74,47,37,70,58,59,75,81,86,65,77,80,80,78,67,90,81,21,57,46,54,3,105,81,78,90,59,67,83,51,53
29,85,93,97,23,67,37,11,93,60,92,103,26,72,26,57,52,19,77,78,52,67,62,8,83,10,64,15,23,26,5,,36,70,8,76,71,66,35,57,32,50,78,78,70,35,41,17,101,89,75,46,75,79,100,67,16,49,66,87,61,34,2,6,43,39,28,105,53,34,57,34,59,32,67,23,23,73,26,37,103,102,77,32,3,69,57,46,77,34,53,71,23,66,79,89,59,80,90,69,83,59,73,15,70,41,75,56,53,61,31,55,56,58,12,32,66,38,38,2147483647,74,66,30,55,4,100,85,42,4,66,42,61,48,29,86,26,71,70,72,51,48,74,101,69,50,43,63,36,26,73,61,48,64,84,75,54,80,63,69,67,56,73,64,24,60,35,57,2,94,70,67,73,62,70,67,42,41
18,87,57,85,55,32,26,34,81,60,80,91,61,37,14,59,26,51,66,65,38,53,64,40,72,57,51,46,57,28,45,47,,70,31,65,62,31,37,44,20,52,42,66,34,56,41,48,87,77,65,34,66,67,65,69,17,37,53,51,46,26,34,28,43,61,30,91,55,3,59,36,44,34,48,70,25,62,28,25,68,88,66,20,38,58,45,48,15,22,57,60,10,55,63,78,61,68,54,58,9,44,63,43,58,43,77,39,41,63,50,41,42,58,42,21,54,67,40,2147483647,38,68,32,43,42,86,74,30,32,66,44,63,36,6,74,55,60,60,61,51,48,68,66,71,52,45,65,11,28,64,49,50,66,73,75,44,69,28,71,69,45,30,29,54,47,8,46,44,58,70,69,20,45,59,32,44,43
43,112,118,110,80,92,51,58,106,13,105,116,83,98,39,84,51,76,91,90,16,21,89,64,97,82,76,71,82,52,69,73,61,,55,90,87,91,62,69,45,77,104,91,95,81,32,73,65,102,90,58,91,92,126,94,42,58,78,112,10,51,59,53,23,86,55,69,80,59,84,61,10,59,73,95,49,87,53,29,129,66,91,35,68,83,68,73,102,33,82,85,49,80,89,103,86,93,115,83,108,12,88,68,83,68,102,64,64,88,75,18,19,21,67,46,79,92,65,79,99,93,55,68,67,64,99,55,57,5,69,88,59,47,99,80,85,85,86,23,20,93,127,96,77,70,90,63,53,89,74,75,91,98,3,15,94,89,96,94,13,98,90,79,72,49,71,70,120,1,94,98,70,84,92,69,68
26,82,90,79,32,64,34,3,75,57,74,85,35,69,23,54,21,28,59,60,49,64,59,16,65,34,46,24,32,31,14,8,33,67,,58,53,63,30,39,29,47,75,60,67,49,38,25,98,71,57,28,57,61,97,64,12,31,48,84,58,35,10,2,40,56,25,102,50,31,54,31,56,28,43,46,20,55,22,34,100,99,59,29,16,51,37,43,74,31,50,53,20,48,61,71,56,62,87,51,80,56,55,20,51,38,72,38,35,58,43,52,53,55,19,30,48,60,35,112,71,63,28,38,13,97,67,39,21,63,39,58,30,31,68,35,53,52,54,48,45,56,98,66,47,40,60,33,23,55,43,45,61,66,72,51,62,60,66,64,53,70,61,49,42,32,39,11,91,67,64,70,38,52,64,37,39
63,114,97,24,84,72,71,62,19,91,18,29,87,77,59,85,38,80,21,19,83,98,90,69,35,86,44,74,84,36,74,76,67,102,59,,24,71,66,37,66,79,82,3,74,90,73,77,135,14,27,30,28,4,105,95,48,37,46,91,92,68,63,57,74,90,43,111,81,65,86,50,90,64,17,99,39,9,57,71,108,135,2,65,67,12,27,75,82,68,86,6,54,10,17,14,87,5,94,20,88,88,29,72,13,71,104,28,27,89,92,87,88,90,71,66,17,99,67,148,78,94,33,41,71,134,29,76,61,98,70,89,28,61,11,86,13,22,15,92,79,30,106,98,79,73,92,51,57,26,15,77,91,8,107,87,22,68,98,95,89,78,69,83,40,69,25,73,98,102,95,78,21,15,71,96,72
58,111,104,47,79,78,66,57,42,86,41,52,82,84,54,83,33,75,25,6,78,93,88,63,4,81,41,70,81,31,68,72,62,97,54,24,,77,61,34,61,76,89,26,81,80,59,72,128,37,3,26,3,27,111,93,43,31,43,98,87,63,58,52,69,85,39,132,79,60,83,46,85,58,19,94,35,21,52,66,115,129,25,60,67,13,34,72,88,63,81,19,58,15,7,37,85,28,101,16,94,85,1,67,16,67,101,25,30,87,74,82,83,85,66,61,8,91,64,2147483647,85,92,28,37,66,127,34,71,56,93,68,87,25,56,34,79,11,2,10,87,82,1,112,95,76,69,89,47,52,2,12,74,90,31,102,85,7,75,95,93,86,84,75,78,37,64,22,69,105,97,93,84,23,5,78,68,67
49,105,26,102,73,1,57,51,98,80,97,108,79,6,46,77,40,69,82,84,72,87,82,58,89,75,55,64,75,38,63,65,30,90,48,81,77,,55,48,52,70,11,83,3,74,61,66,121,94,81,37,81,84,34,87,37,38,57,20,81,58,52,46,63,79,46,125,73,28,77,26,79,52,58,88,42,78,46,57,37,122,82,52,56,74,48,66,15,54,75,76,43,71,85,94,79,85,23,75,21,79,79,61,61,61,95,43,44,81,68,75,76,78,60,53,72,85,58,135,7,86,35,31,60,120,90,62,50,86,62,81,39,36,91,73,76,76,77,71,68,80,35,89,70,63,83,24,46,79,66,68,84,89,95,74,85,2,89,87,76,11,1,72,51,55,62,62,27,90,87,12,53,76,1,62,61
32,65,96,86,56,70,40,34,82,63,81,92,37,75,29,39,27,52,67,66,55,70,44,41,73,58,52,47,21,29,46,48,39,73,31,66,63,69,,45,35,32,81,67,73,19,44,49,104,78,66,35,67,68,103,49,19,36,54,90,64,37,35,29,46,62,31,108,36,37,40,37,62,3,49,71,26,63,9,40,106,105,67,35,39,59,46,28,80,37,58,61,26,56,65,79,41,69,93,59,86,62,64,44,59,23,58,40,42,43,14,58,59,61,43,35,55,29,20,118,77,48,33,44,43,103,75,45,33,69,24,43,37,32,75,19,61,61,62,54,51,69,104,52,32,25,46,39,29,65,50,30,47,74,78,57,70,66,52,50,59,76,67,55,48,38,47,45,97,73,49,76,46,60,70,9,5
36,92,95,57,60,69,44,38,53,67,52,63,66,75,33,64,28,56,37,38,59,74,69,45,43,62,7,51,62,29,50,52,43,77,35,36,31,68,42,,39,57,81,38,72,61,48,53,108,49,35,12,35,39,103,74,24,15,9,90,68,41,39,33,50,66,31,112,60,41,64,37,66,39,26,75,26,33,33,44,106,109,37,39,43,29,16,53,79,41,62,31,30,26,39,49,66,40,92,29,85,66,33,48,29,48,82,4,13,68,55,62,63,65,47,39,26,72,45,122,76,73,12,21,47,107,45,49,37,73,49,68,8,36,46,60,31,30,32,58,55,34,104,76,57,50,70,38,33,33,21,55,71,44,82,61,40,66,76,74,63,75,67,59,3,42,17,49,97,77,74,75,21,30,69,49,48
11,85,93,83,53,62,10,31,79,53,78,89,56,72,6,57,24,49,63,65,33,46,62,38,70,55,50,44,53,26,43,45,30,49,28,63,58,61,33,43,,50,78,64,70,52,13,46,82,75,62,32,62,65,100,67,15,34,52,87,43,4,45,26,24,59,28,86,53,28,57,34,40,31,46,68,23,59,25,18,103,83,64,13,41,55,41,46,45,15,55,58,19,52,66,76,59,66,90,56,39,38,60,61,55,41,75,42,39,61,46,36,37,39,40,5,53,63,38,96,74,66,31,41,40,81,71,20,30,45,42,61,34,26,72,50,57,57,58,41,29,61,101,69,50,43,63,41,26,60,47,48,64,71,54,36,66,58,69,67,39,60,59,52,46,14,44,42,94,49,67,50,43,57,62,40,42
46,32,110,100,70,84,54,48,96,77,95,106,73,89,43,6,41,66,81,80,69,84,11,55,87,72,66,45,35,43,60,62,53,87,45,80,77,83,31,59,49,,95,81,87,28,58,63,118,92,80,49,81,82,117,15,34,50,68,104,78,51,49,43,60,76,45,122,2,51,8,51,76,28,63,85,40,77,24,54,120,119,81,49,53,73,60,4,94,51,72,75,40,70,78,93,8,83,107,73,100,76,78,58,73,14,25,54,56,10,33,72,73,75,57,49,69,43,12,132,91,14,47,58,57,117,89,59,47,83,15,10,51,46,89,33,75,75,76,68,65,83,118,19,2,17,13,53,43,79,64,22,15,88,92,71,84,80,20,16,73,90,81,69,62,52,61,59,111,87,15,90,60,74,84,28,30
63,134,14,103,104,13,70,82,99,90,98,109,107,5,58,105,60,100,83,82,83,98,110,89,89,106,69,94,104,55,94,96,42,101,79,82,79,11,86,62,65,99,,84,8,110,70,97,33,95,82,52,83,85,22,115,59,55,58,8,91,67,83,77,85,111,79,29,101,39,106,37,89,84,97,119,60,79,77,70,25,39,83,65,87,75,62,95,27,67,96,77,52,72,80,95,107,86,11,75,33,87,80,92,75,91,124,57,58,109,112,86,87,89,91,65,71,119,87,40,3,114,53,47,91,34,91,72,81,97,90,109,53,48,92,106,77,77,78,93,90,85,23,118,99,93,112,36,69,81,67,97,113,90,106,86,86,13,118,115,88,23,13,104,65,66,63,93,15,101,115,24,62,76,13,116,92
61,114,106,18,82,80,69,60,14,89,13,24,85,86,57,86,39,78,14,19,81,96,91,66,34,84,43,73,84,37,71,75,65,100,57,3,24,79,64,36,64,79,91,,83,83,62,75,131,10,28,32,28,1,113,96,46,34,45,100,90,66,61,55,72,88,50,135,82,63,86,56,88,61,16,97,37,10,55,69,117,132,1,63,70,12,36,75,90,66,84,7,61,9,17,10,88,1,103,18,96,88,29,70,12,70,104,30,32,90,77,85,86,88,69,64,17,94,67,2147483647,87,95,31,40,69,130,23,74,59,96,71,90,27,59,7,82,14,22,15,90,85,30,114,98,79,72,92,57,55,26,17,77,93,5,105,88,23,77,98,96,89,86,77,81,39,67,24,72,107,100,96,86,20,16,80,71,70
55,126,22,95,96,5,62,74,91,82,90,101,99,2,50,97,52,92,75,74,75,90,102,81,81,98,61,86,96,47,86,88,34,93,71,74,71,3,78,54,57,91,8,76,,102,62,89,41,87,74,44,75,77,30,107,51,47,50,17,83,59,75,69,77,103,71,37,93,31,98,29,81,76,89,111,52,71,69,62,33,47,75,57,79,67,54,87,19,59,88,69,44,64,73,87,99,78,20,67,25,79,72,84,67,83,116,49,50,101,104,78,79,81,83,57,63,111,79,48,3,106,45,39,83,42,83,64,73,89,82,101,45,40,84,98,69,69,70,85,82,77,31,110,91,85,104,28,61,73,59,89,105,82,98,78,78,5,110,107,80,15,5,96,57,58,55,85,24,93,107,16,54,68,5,108,84
60,88,125,111,39,101,68,62,107,88,106,117,22,105,56,59,67,25,91,90,80,95,64,23,96,41,78,16,6,63,28,31,64,99,59,90,85,99,37,71,62,52,110,92,102,,60,32,2147483647,103,89,60,89,93,133,69,44,63,66,119,89,65,31,56,71,40,56,2147483647,55,62,60,62,87,34,74,54,51,86,30,68,136,2147483647,91,62,27,83,71,48,110,65,85,85,51,80,88,103,61,94,122,83,116,85,87,27,77,45,78,66,67,63,8,83,85,87,26,63,87,15,41,2147483647,106,68,61,69,26,2147483647,92,73,33,95,44,63,62,58,99,4,85,85,86,89,76,92,134,72,52,10,66,64,54,87,75,51,65,98,104,83,94,96,72,69,86,106,97,38,74,66,71,28,126,99,69,107,70,91,100,13,18
10,93,101,91,61,69,26,39,87,32,86,97,64,80,14,65,32,57,71,73,15,39,70,46,78,63,58,52,61,34,51,53,37,32,36,71,66,68,41,51,21,58,86,72,78,60,,54,65,83,70,40,70,73,108,75,23,42,60,95,26,26,53,34,7,67,36,69,61,35,65,42,23,39,54,76,31,67,33,2,111,66,72,7,49,63,49,54,52,5,63,66,26,60,74,84,67,74,98,64,46,20,68,69,63,49,83,50,47,69,54,19,20,22,48,21,61,71,46,79,82,74,39,49,48,64,79,28,38,27,50,69,42,33,80,58,65,65,66,24,12,69,109,77,58,51,71,48,12,68,55,56,72,79,36,18,74,65,77,75,22,67,66,60,54,22,52,50,102,32,75,57,51,65,69,48,50
47,100,112,98,24,87,55,47,94,75,93,104,29,92,43,72,39,22,78,77,67,82,77,8,84,8,64,16,26,41,14,15,51,86,44,77,74,86,50,57,50,65,97,79,89,38,48,,117,90,77,47,78,80,120,82,31,50,66,106,76,52,18,41,58,31,43,121,68,49,72,49,74,47,61,21,38,74,41,55,123,118,78,49,14,70,57,61,97,52,29,72,47,67,75,90,74,81,109,70,103,74,75,16,70,56,90,52,53,76,34,71,72,74,13,50,66,41,53,2147483647,93,81,48,56,13,116,86,60,18,82,57,76,48,45,87,29,72,72,73,76,71,80,121,84,65,58,78,51,41,76,62,63,79,85,91,74,81,83,84,82,75,93,84,24,60,53,58,16,113,86,82,93,57,71,86,38,56
73,147,46,147,117,45,82,95,143,49,142,153,120,37,70,118,88,113,127,127,49,63,123,102,133,119,113,108,117,90,105,98,98,67,92,127,122,43,99,106,77,112,32,128,40,124,66,110,,139,126,95,126,129,54,128,79,98,115,40,50,79,96,90,67,123,92,2,114,96,119,98,48,97,110,132,87,123,90,63,57,6,128,67,100,120,107,108,59,65,119,122,74,117,126,140,120,130,43,120,65,47,124,105,113,104,137,101,103,122,112,52,52,54,104,77,119,132,100,13,35,127,95,105,104,1,129,86,94,63,103,122,98,92,135,119,122,122,123,76,73,129,55,131,112,106,125,100,89,125,111,110,124,135,72,47,131,45,131,128,49,55,44,116,109,80,108,107,47,67,128,55,106,124,45,106,105
73,127,111,8,97,86,81,75,4,103,3,14,100,91,70,98,51,93,34,33,96,111,103,82,48,99,58,88,97,49,85,90,80,111,72,15,36,85,79,51,75,92,96,12,88,104,76,90,147,,39,44,40,11,119,108,61,49,60,105,104,78,76,70,87,103,57,125,94,78,99,64,102,77,30,112,53,30,70,81,122,147,14,76,85,26,35,88,96,78,99,20,67,23,31,2,100,10,108,34,102,99,38,85,26,84,117,46,47,102,92,99,99,102,84,76,31,112,80,160,92,107,46,55,84,146,42,86,74,107,83,102,42,74,17,99,28,35,29,95,92,39,120,111,92,86,105,65,70,38,29,90,104,5,116,98,37,82,111,108,100,92,83,96,54,79,38,87,112,111,108,92,34,35,85,86,85
61,114,107,50,82,81,69,60,45,89,44,55,85,87,57,86,36,78,23,2,81,96,91,66,6,84,44,73,84,34,71,75,65,100,57,27,2,80,64,37,64,79,92,29,84,83,62,75,131,40,,29,0,30,114,96,46,34,46,101,90,66,61,55,72,88,42,135,82,63,86,49,88,61,20,97,38,19,55,69,118,132,28,63,70,10,37,75,91,66,84,22,61,18,4,36,88,31,104,19,97,88,2,70,16,70,104,28,33,90,77,85,86,88,69,64,9,94,67,2147483647,88,95,31,40,69,130,32,74,59,96,71,90,28,59,37,82,8,5,7,90,85,2,115,98,79,72,92,50,55,5,15,77,93,34,105,88,4,78,98,96,89,87,78,81,40,67,25,72,108,100,96,87,24,6,81,71,70
32,83,67,53,52,43,40,31,48,74,47,58,57,47,25,58,7,50,30,30,52,67,63,39,37,56,17,44,54,5,44,45,34,70,28,30,27,41,35,10,35,50,52,32,44,66,41,47,102,43,38,,39,33,75,67,17,5,8,61,61,41,46,26,43,66,16,106,54,32,58,22,59,32,27,69,9,27,26,40,78,103,31,34,42,23,10,46,50,37,55,24,23,20,28,43,60,34,64,21,44,59,32,44,23,41,76,5,7,62,62,56,57,58,41,36,20,69,38,116,48,66,2,6,41,101,39,45,30,66,42,62,1,31,40,57,24,25,26,51,48,33,76,70,50,43,64,24,26,29,15,48,65,37,75,59,33,38,70,68,60,37,39,53,13,33,11,43,68,70,67,55,10,26,41,40,42
61,114,107,50,82,81,69,60,45,89,44,55,85,87,57,86,36,78,29,3,81,96,91,66,6,84,44,73,84,34,71,75,65,100,57,28,2,80,64,37,64,79,92,30,84,83,62,75,131,40,0,29,,30,114,96,46,34,46,101,90,66,61,55,72,88,42,135,82,63,86,49,88,61,22,97,38,25,55,69,118,132,29,63,70,10,37,75,91,66,84,23,61,18,4,41,88,31,104,19,97,88,2,70,19,70,104,28,33,90,77,85,86,88,69,64,9,94,67,2147483647,88,95,31,40,69,130,38,74,59,96,71,90,28,59,37,82,8,5,7,90,85,2,115,98,79,72,92,50,55,5,15,77,93,34,105,88,4,78,98,96,89,87,78,81,40,67,25,72,108,100,96,87,26,6,81,71,70
61,114,106,18,82,80,69,60,14,89,13,24,85,86,57,86,36,78,20,19,81,96,91,66,34,84,43,73,84,34,71,75,65,100,57,4,24,79,64,36,64,79,91,1,83,83,62,75,131,10,28,28,28,,113,96,46,34,45,100,90,66,61,55,72,88,41,135,82,63,86,48,88,61,16,97,37,16,55,69,117,132,2,63,70,12,36,75,90,66,84,13,61,9,17,10,88,1,103,18,96,88,29,70,12,70,104,30,32,90,77,85,86,88,69,64,17,94,67,145,87,95,31,40,69,130,28,74,59,96,71,90,27,59,7,82,14,22,15,90,85,30,114,98,79,72,92,49,55,26,17,77,93,5,105,88,23,77,98,96,89,86,77,81,39,67,24,72,107,100,96,86,20,16,80,71,70
106,157,7,126,125,36,114,105,122,134,121,132,130,28,102,128,83,123,106,105,126,141,133,112,111,129,93,118,127,78,116,119,110,142,102,105,100,34,109,86,108,122,21,107,31,134,106,120,55,118,104,75,104,108,,138,91,74,81,13,135,111,119,100,114,133,92,51,124,108,129,98,133,107,120,142,77,101,100,114,3,61,106,108,115,98,86,118,50,111,129,100,97,95,103,118,130,109,11,98,56,133,102,115,123,114,147,81,82,132,135,130,127,129,114,109,102,142,110,62,26,137,71,70,114,56,107,119,121,138,113,132,77,104,114,129,100,100,101,122,119,107,1,141,122,116,135,99,100,102,90,120,136,113,147,133,109,36,141,138,132,46,36,127,89,112,86,116,6,142,138,46,116,106,35,116,115
63,51,128,114,84,104,71,62,110,91,109,120,87,108,59,8,56,80,94,94,83,98,3,69,100,86,80,67,57,57,72,65,67,102,59,94,89,102,65,73,65,14,113,95,105,56,63,77,135,106,93,62,93,96,136,,47,65,82,122,92,68,63,57,74,90,59,139,11,65,23,65,90,41,77,99,54,90,39,71,139,135,95,65,67,87,74,19,113,68,86,89,54,84,93,107,6,97,125,87,76,88,91,72,80,29,40,68,70,4,49,86,88,90,71,66,86,66,27,148,109,1,63,72,71,134,96,76,61,98,30,4,65,61,102,54,89,89,90,92,79,96,137,34,16,32,28,67,57,92,78,37,29,102,107,86,98,99,34,3,89,109,100,83,76,69,75,74,129,102,2,109,73,91,103,44,46
12,68,77,70,36,49,21,15,65,53,64,75,41,57,9,43,10,34,48,47,35,46,48,23,54,40,35,28,38,21,28,17,18,51,12,47,42,49,19,28,16,35,63,49,54,38,14,31,84,60,53,17,54,50,85,52,,20,23,71,45,21,15,9,26,50,13,88,39,15,43,19,42,16,31,53,8,44,11,20,88,85,48,15,19,40,28,31,33,17,38,42,7,37,45,61,45,51,74,40,27,40,44,28,34,26,61,23,24,47,32,38,39,41,25,16,37,49,23,98,58,51,17,23,25,83,56,25,13,47,27,47,19,14,57,41,42,41,43,43,31,45,86,55,35,28,49,21,10,44,32,33,50,54,56,38,51,46,55,53,41,34,47,37,31,19,28,27,79,51,52,38,27,41,49,27,28
34,87,65,58,54,41,42,33,53,76,52,63,59,45,28,59,8,52,36,35,54,69,64,41,42,58,23,47,56,6,45,47,38,72,30,35,30,39,35,16,37,52,51,37,43,54,43,49,104,48,41,5,42,38,73,69,19,,11,60,63,43,48,28,45,62,19,108,55,36,59,25,61,33,19,71,9,32,27,42,76,105,36,36,44,28,16,48,50,39,57,30,25,25,34,48,61,39,63,28,30,61,32,46,22,43,77,11,12,63,48,58,59,60,43,38,25,71,40,2147483647,47,68,3,11,43,103,44,47,50,68,44,63,7,39,45,59,30,29,31,53,50,33,74,71,52,45,65,27,28,32,20,50,66,42,77,61,39,36,71,69,62,40,37,55,19,40,16,46,67,72,69,46,15,29,39,42,44
34,90,98,54,58,72,42,36,50,65,49,60,61,77,31,62,13,54,32,32,57,72,67,43,47,60,9,49,60,11,48,50,41,75,33,33,35,71,40,8,37,55,83,35,75,59,46,51,106,46,37,9,38,36,105,72,21,12,,92,66,39,37,31,48,64,19,110,58,39,62,26,64,37,15,73,15,28,31,42,108,107,34,37,41,25,12,51,82,39,60,28,28,21,30,46,64,37,95,32,31,64,37,46,18,46,80,13,9,66,53,60,61,63,45,37,30,70,43,120,79,71,9,18,45,105,41,47,35,71,47,66,5,34,43,58,26,34,28,56,53,38,106,74,55,48,68,28,31,37,27,53,69,41,80,59,36,68,74,72,61,40,69,57,5,40,11,47,99,75,72,78,11,34,72,47,46
73,144,4,113,114,23,80,92,109,100,108,119,117,15,68,115,70,110,93,92,93,108,120,99,99,116,79,104,114,65,104,106,52,111,89,92,89,21,96,72,75,109,8,94,17,120,80,107,42,105,92,62,93,95,12,125,69,65,68,,101,77,93,87,95,121,89,38,111,49,116,47,99,94,107,129,70,89,87,80,15,48,93,75,97,85,72,105,37,77,106,87,62,82,90,105,117,96,2,85,43,97,90,102,85,101,134,67,68,119,122,96,97,99,101,75,81,129,97,49,12,124,63,57,101,43,101,82,91,107,100,119,63,58,102,116,87,87,88,103,100,95,13,128,109,103,122,46,79,91,77,107,123,100,116,96,96,23,128,125,98,33,23,114,75,76,73,103,6,111,125,34,72,86,23,126,102
34,104,110,102,72,84,43,50,98,9,97,108,75,90,31,76,43,68,83,82,11,17,81,56,89,74,68,63,74,44,61,65,45,9,47,82,79,83,54,61,37,69,96,83,87,73,29,65,60,94,82,50,83,84,118,86,34,50,70,104,,43,51,45,20,78,47,64,72,43,76,53,2,51,65,87,41,79,45,24,121,61,83,29,60,75,60,65,94,27,39,77,36,72,81,95,78,85,107,75,55,6,80,60,75,60,94,56,56,80,67,11,14,16,59,38,71,84,57,74,91,85,47,60,59,59,91,47,49,4,61,80,51,39,91,72,77,77,78,18,16,85,119,88,69,62,82,55,52,81,66,67,83,90,13,10,86,81,88,86,4,90,82,71,64,41,63,62,112,8,86,90,62,76,84,61,60
14,88,96,86,56,65,13,34,82,56,81,92,59,75,9,60,27,52,66,68,36,49,65,41,73,58,53,47,56,29,46,48,33,52,31,66,61,64,36,46,3,53,81,67,73,55,16,49,85,78,65,35,65,68,103,70,18,37,55,90,46,,48,29,27,62,31,89,56,31,60,37,43,34,49,71,26,62,28,21,106,86,67,16,44,58,44,49,48,18,58,61,22,55,69,79,62,69,93,59,42,41,63,64,58,44,78,45,42,64,49,39,40,42,43,8,56,66,41,99,77,69,34,44,43,84,74,23,33,48,45,64,37,29,75,53,60,60,61,44,32,64,104,72,53,46,66,44,29,63,50,51,67,74,57,39,69,61,72,70,42,63,62,55,49,17,47,45,97,52,70,53,46,60,65,43,45
42,98,106,96,22,86,50,21,92,73,91,102,27,85,39,70,37,20,76,77,65,80,75,7,82,8,63,14,24,49,6,2,49,83,18,75,70,85,46,56,45,63,91,77,83,36,54,17,114,88,74,45,74,78,113,80,29,48,65,100,74,51,,16,56,38,41,118,66,47,70,47,72,44,66,21,36,72,38,50,116,115,76,45,4,68,56,59,96,47,54,70,36,65,78,88,72,79,103,68,102,72,72,14,69,54,88,55,52,74,32,68,69,71,11,46,65,39,51,2147483647,87,79,45,54,5,113,84,55,1,79,55,74,47,47,85,27,70,69,71,64,61,73,114,82,63,56,76,49,24,72,60,61,77,83,88,67,79,82,82,80,69,92,83,23,59,48,56,7,107,83,80,92,61,69,85,53,55
23,79,87,76,30,61,31,5,72,54,71,82,33,66,20,51,18,26,56,57,46,61,56,15,62,33,43,22,30,28,12,7,30,64,2,55,50,60,27,36,26,44,72,57,64,46,35,24,95,68,54,25,54,58,94,61,9,28,45,81,55,32,9,,37,35,22,99,47,28,51,28,53,25,40,45,17,52,19,31,97,96,56,26,14,48,34,40,71,28,47,50,17,45,58,68,53,59,84,48,77,53,52,18,48,35,69,35,32,55,40,49,50,52,18,27,45,45,32,109,68,60,25,35,12,94,64,36,19,60,36,55,27,28,65,33,50,49,51,45,42,53,95,63,44,37,57,30,20,52,40,42,58,63,69,48,59,57,63,61,50,67,58,46,39,29,36,10,88,64,61,67,35,49,61,34,36
13,94,102,91,60,76,25,40,86,59,86,97,66,79,13,66,31,56,72,70,8,52,71,46,77,62,56,52,64,33,51,52,43,24,37,70,68,73,44,49,19,57,87,71,77,61,9,54,57,82,71,40,72,73,109,74,22,42,60,94,18,25,41,33,,66,37,61,62,39,64,41,15,41,53,76,31,68,33,4,112,58,71,10,45,64,51,55,84,8,64,66,19,60,69,84,68,73,97,64,90,13,69,48,63,48,82,46,47,68,55,11,12,14,47,20,60,74,47,71,81,75,39,48,47,56,79,29,37,20,51,70,42,21,79,60,66,65,66,7,4,74,108,78,57,50,70,45,35,69,54,55,73,79,28,10,74,70,78,76,14,80,73,59,52,23,51,50,103,24,74,82,50,65,76,49,48
56,112,120,111,36,101,64,58,107,87,106,117,39,99,53,84,53,23,91,90,79,94,89,23,97,44,78,19,31,53,26,29,63,97,55,90,87,100,62,71,59,77,105,92,97,43,68,35,128,103,90,60,91,93,127,94,43,63,80,114,88,61,32,53,70,,55,132,80,61,84,61,86,59,73,57,50,87,53,64,130,129,91,59,28,83,71,73,111,61,82,85,50,80,89,103,86,94,117,83,117,86,88,28,83,68,102,66,67,88,39,82,83,85,25,59,79,46,65,2147483647,101,93,61,69,25,127,99,69,34,93,69,88,62,56,100,34,85,85,86,78,75,93,128,96,77,70,90,63,53,89,75,75,91,98,102,81,94,97,96,94,83,107,98,7,74,62,71,28,121,97,94,107,70,84,100,43,68
25,81,80,65,49,32,33,27,61,56,60,71,55,60,22,53,6,45,45,47,48,63,58,34,52,51,32,40,51,8,39,41,49,66,24,44,40,31,31,25,28,46,66,46,57,50,37,42,97,57,44,14,44,47,88,63,13,15,34,75,57,30,28,22,39,55,,101,49,47,53,6,55,28,29,64,5,41,22,33,91,98,45,28,32,37,23,42,35,30,51,39,19,34,48,57,55,48,77,38,41,55,42,37,37,37,71,24,21,57,44,51,52,54,36,28,35,61,34,111,61,62,11,37,36,96,53,38,26,62,38,57,16,56,54,49,39,39,40,47,44,43,89,65,46,39,59,7,22,42,29,44,60,52,71,50,48,28,65,63,52,20,29,48,28,31,25,38,82,66,63,32,24,39,32,38,37
77,151,43,151,121,42,86,99,147,53,146,157,124,34,74,122,92,117,131,131,53,67,127,106,137,123,117,112,121,94,109,102,102,71,96,131,126,40,103,110,81,116,29,132,37,128,70,114,3,143,130,99,130,133,51,132,83,102,119,37,54,83,100,94,71,127,96,,118,100,123,102,52,101,114,136,91,127,94,67,54,10,132,71,104,124,111,112,56,69,123,126,78,121,129,144,124,134,40,124,62,51,128,109,117,108,141,105,107,126,116,56,56,58,108,81,123,136,104,10,32,131,99,109,108,4,133,90,98,67,107,126,102,96,139,123,126,126,127,80,77,133,52,135,116,110,129,104,93,129,115,114,128,139,76,51,135,42,135,132,53,52,41,120,113,84,112,111,44,71,132,52,110,128,42,110,109
48,39,112,102,72,86,56,50,98,79,97,108,75,91,45,2,43,68,83,82,71,86,7,57,89,74,68,48,38,45,62,64,55,89,47,82,79,85,34,61,51,3,97,83,89,31,60,65,120,94,82,51,83,84,119,12,37,52,70,106,80,53,51,45,62,78,47,124,,53,11,53,78,31,65,87,42,79,27,56,122,121,83,51,55,75,62,7,96,53,74,77,42,72,80,95,5,85,109,75,102,78,80,60,75,17,28,56,58,7,36,74,75,77,59,51,71,46,15,2147483647,93,11,49,60,59,119,91,61,49,85,18,7,53,48,91,36,77,77,78,70,67,85,120,22,5,20,16,55,45,81,66,25,18,90,94,73,86,82,23,13,75,92,83,71,64,54,63,61,113,89,12,92,62,76,86,31,33
16,84,59,81,51,34,24,30,77,58,76,87,54,39,12,56,22,47,61,63,36,51,61,36,68,53,48,42,51,24,41,43,2,67,27,61,56,33,32,41,18,49,44,62,36,51,38,44,85,73,60,30,60,63,67,66,14,32,50,53,44,24,43,25,40,57,13,89,52,,56,7,42,30,45,66,21,57,24,23,70,86,62,18,39,53,39,45,17,20,54,56,7,50,64,74,58,64,56,54,11,42,58,59,53,40,74,40,37,60,45,39,40,55,38,19,51,62,37,2147483647,40,65,29,39,38,84,69,28,29,63,41,60,32,3,70,49,55,55,56,48,45,59,68,68,49,42,62,6,25,58,45,47,63,69,72,42,64,30,68,66,43,19,31,50,44,5,42,40,60,67,66,22,41,55,34,39,41
56,25,121,107,77,97,64,55,103,84,102,113,80,101,52,13,48,73,87,87,76,91,18,62,93,79,73,61,51,50,65,58,60,95,52,87,82,95,38,66,58,7,106,88,98,50,56,70,128,99,86,55,86,89,129,23,40,58,75,115,85,61,56,50,67,83,52,132,9,58,,58,83,33,70,92,47,83,31,64,132,138,88,58,60,80,67,13,106,61,79,82,47,77,85,100,15,90,118,80,69,81,84,65,73,21,17,61,63,17,44,79,81,83,64,59,79,61,19,2147483647,102,22,55,65,64,127,89,69,54,91,22,17,58,54,95,49,82,82,83,85,72,89,130,11,9,24,5,60,50,85,71,29,6,95,100,79,91,92,11,23,82,102,93,76,69,62,68,67,122,95,23,103,66,84,96,38,40
28,96,86,71,64,26,36,42,67,70,66,77,70,66,24,68,12,60,51,53,48,63,73,49,58,66,38,55,66,14,54,56,10,79,39,50,46,25,46,31,30,61,72,52,63,65,50,57,97,63,50,20,50,53,94,78,26,21,40,81,56,36,43,37,52,70,6,101,64,7,68,,54,43,35,79,11,47,37,35,97,98,51,30,47,43,29,57,29,32,66,45,20,40,54,63,70,54,83,44,6,54,48,52,43,52,86,30,27,72,59,51,52,67,51,31,41,76,49,2147483647,67,77,17,52,51,96,59,40,41,75,53,72,22,16,60,64,45,45,46,60,57,49,95,80,61,54,74,1,37,48,35,59,75,58,84,54,54,22,80,78,55,14,23,63,34,18,31,53,88,79,78,26,30,45,26,53,52
33,102,108,100,70,82,41,48,96,4,95,106,73,88,29,74,41,66,81,80,6,11,79,54,87,72,66,61,72,42,59,63,51,9,45,80,77,81,52,59,35,67,94,81,85,71,22,63,55,92,80,48,81,82,116,84,32,48,68,102,2,41,49,43,13,76,45,59,70,49,74,51,,49,63,85,39,77,43,19,119,56,81,25,58,73,58,63,92,23,72,75,39,70,79,93,76,83,105,73,98,1,78,58,73,58,92,54,54,78,65,8,9,11,57,36,69,82,55,69,89,83,45,58,57,54,89,45,47,4,59,78,49,37,89,70,75,75,76,13,10,83,117,86,67,60,80,53,43,79,64,65,81,88,13,6,84,79,86,84,2,88,80,69,62,39,61,60,110,8,84,88,60,74,82,59,58
28,61,92,82,52,66,36,30,78,59,77,88,40,71,25,35,23,48,63,62,51,66,40,37,69,54,48,43,24,25,42,44,35,69,27,62,59,65,3,41,31,28,77,63,69,23,40,45,100,74,62,31,63,64,99,45,16,32,50,86,60,33,31,25,42,58,27,104,32,33,36,33,58,,45,67,22,59,5,36,102,101,63,31,35,55,42,24,76,33,54,57,22,52,61,75,37,65,89,55,82,58,60,40,55,19,54,36,38,39,17,54,55,57,39,31,51,33,16,114,73,44,29,40,39,99,71,41,29,65,20,39,33,28,71,22,57,57,58,50,47,65,100,48,28,21,42,35,25,61,46,26,43,70,74,53,66,62,48,46,55,72,63,51,44,34,43,41,93,69,45,72,42,56,66,13,9
44,100,79,63,68,53,52,46,58,75,57,68,71,59,41,72,22,64,17,17,67,82,77,53,29,70,26,59,68,20,58,60,51,85,43,40,19,52,50,19,47,65,65,42,57,80,56,61,116,53,22,13,23,43,87,82,32,19,15,74,76,49,60,41,58,74,31,120,68,49,72,37,74,47,,83,24,13,41,52,90,117,41,47,56,10,5,61,68,49,70,35,38,6,16,45,74,44,77,33,42,74,21,76,3,56,90,14,16,76,76,70,71,73,55,47,13,83,53,130,60,81,17,25,55,115,26,57,45,81,57,76,12,44,50,71,11,17,13,66,63,22,88,84,65,58,78,39,41,21,25,63,79,47,90,69,21,50,84,82,71,52,51,66,22,50,12,57,81,85,82,64,3,34,53,57,56
39,99,111,97,67,86,47,44,93,67,92,103,73,91,35,71,38,63,78,77,59,74,76,51,84,10,63,58,69,40,56,60,50,78,41,77,74,85,49,56,42,64,96,78,88,68,40,60,109,89,77,45,78,79,119,81,28,48,65,105,68,44,42,38,57,73,42,113,67,48,71,48,66,46,60,,37,74,40,47,122,110,78,41,47,70,55,60,96,43,8,72,39,67,75,90,73,80,108,70,59,66,75,55,70,55,89,51,51,75,62,63,64,66,54,42,66,79,52,123,92,80,46,55,54,108,86,52,41,74,56,75,46,44,86,67,72,72,73,68,62,80,120,83,64,57,77,50,18,76,61,62,78,85,83,66,81,82,83,81,67,92,83,66,59,45,58,57,112,78,81,92,57,71,85,56,55
24,77,69,62,44,44,32,23,57,66,56,67,49,49,18,49,1,42,40,39,44,59,54,31,47,48,27,36,46,3,36,37,28,62,20,39,35,42,25,20,27,42,54,41,46,59,33,39,94,52,45,9,46,42,76,59,9,9,15,63,53,33,38,18,35,59,4,98,45,26,49,11,51,23,23,61,,36,17,32,80,95,40,26,34,32,20,38,41,29,47,34,15,29,38,52,51,43,66,33,16,51,37,36,26,33,67,15,16,53,38,48,49,50,33,28,30,61,30,108,50,58,6,15,33,93,48,37,40,58,34,53,11,29,49,49,34,34,35,43,40,38,77,61,42,35,55,13,18,37,24,40,56,46,67,51,43,40,61,59,52,25,40,46,23,30,20,35,70,62,59,37,19,34,43,32,34
58,111,103,38,79,77,66,57,33,86,32,43,82,83,54,83,33,75,4,16,78,93,88,63,32,81,40,70,81,31,68,72,62,97,54,15,21,76,61,33,61,76,88,18,80,80,59,72,128,28,24,25,25,18,110,93,43,31,42,97,87,63,58,52,69,85,38,132,79,60,83,45,85,58,14,94,34,,52,66,114,129,16,60,67,9,33,72,87,63,81,9,58,7,14,30,85,20,100,15,93,85,26,67,10,67,101,25,30,87,74,82,83,85,66,61,14,91,64,2147483647,84,92,28,37,66,127,13,71,56,93,68,87,24,56,25,79,10,19,12,87,82,27,111,95,76,69,89,46,52,23,12,74,90,22,102,85,19,74,95,93,86,83,74,78,36,64,22,69,104,97,93,83,18,12,77,68,67
22,56,86,76,46,60,30,24,72,53,71,82,44,65,19,31,17,47,57,56,45,60,36,31,63,48,42,38,28,19,36,38,29,63,21,56,53,59,8,35,25,24,71,57,63,27,34,39,94,68,56,25,57,58,93,40,9,26,44,80,54,27,25,19,36,52,21,98,27,27,31,27,52,6,39,61,16,53,,30,96,95,57,25,29,49,36,19,70,27,48,51,16,46,54,69,33,59,83,49,76,52,54,34,49,14,49,30,32,35,21,48,49,51,33,25,45,38,11,108,67,39,23,34,33,93,65,35,23,59,15,35,27,22,65,26,51,51,52,44,41,59,94,43,23,16,37,29,19,55,40,21,38,64,68,47,60,56,43,41,49,66,57,45,38,28,37,35,87,63,40,66,36,50,60,15,17
7,90,98,91,61,67,23,36,87,20,86,97,64,77,11,62,32,57,71,73,12,27,67,46,78,63,57,52,61,34,51,53,35,31,33,71,66,66,38,50,18,55,83,72,75,57,2,54,62,83,70,39,70,73,105,72,20,42,59,92,24,23,37,31,4,67,36,66,58,33,62,42,21,36,60,76,31,67,30,,108,63,72,5,49,63,50,51,50,2,60,66,24,60,74,84,64,74,95,64,44,19,68,69,63,46,80,50,46,66,51,15,17,19,48,18,61,68,43,76,79,71,39,49,48,61,79,27,35,26,47,66,41,31,80,55,65,65,66,18,9,69,106,74,55,48,68,44,10,68,55,53,69,79,35,16,74,63,74,72,16,57,64,60,53,21,52,50,99,30,72,55,55,65,67,45,47
110,161,11,130,129,40,118,109,126,138,125,136,134,32,106,132,87,127,110,109,130,145,137,116,115,133,97,122,131,82,120,123,114,146,106,109,104,38,113,90,112,126,25,111,34,138,110,124,59,122,108,79,108,112,3,142,95,77,85,17,139,115,123,104,118,137,96,55,128,112,133,102,137,111,124,146,81,105,104,118,,65,110,112,119,102,90,122,54,115,133,104,101,99,107,122,134,113,14,102,60,137,106,119,127,118,151,85,86,136,139,134,131,133,118,113,106,146,114,66,30,141,74,74,118,60,111,123,125,142,117,136,81,108,118,133,104,104,105,126,123,111,2,145,126,120,139,103,104,106,94,124,140,117,151,137,113,40,145,142,136,50,40,131,93,116,90,120,9,146,142,50,120,110,39,120,119
73,147,53,147,115,52,82,95,143,49,142,153,120,44,70,118,88,113,128,127,49,63,123,102,133,119,113,108,117,90,105,98,98,67,92,127,122,50,99,106,77,112,39,128,47,124,66,110,6,139,126,95,126,129,61,128,79,98,102,47,50,79,96,90,67,123,92,9,114,96,119,98,48,97,110,110,87,123,90,63,64,,128,67,100,120,107,108,66,65,119,122,74,117,125,140,120,130,50,120,72,47,124,105,113,104,137,101,103,122,112,52,52,54,104,77,123,2147483647,100,20,42,127,95,105,104,5,129,86,94,63,103,122,98,92,135,119,122,122,123,76,73,129,62,131,112,106,125,100,89,124,111,110,126,135,72,47,131,52,131,128,49,62,51,116,109,80,108,107,54,67,128,62,106,127,52,106,105
63,116,108,20,84,82,71,62,16,91,15,26,87,88,59,88,39,80,22,20,83,98,93,68,36,86,45,75,86,37,73,77,67,102,59,2,25,81,66,38,66,81,93,1,85,85,64,77,133,12,28,31,29,2,115,98,48,36,47,102,92,68,63,57,74,90,50,137,84,65,88,56,90,63,18,99,39,10,57,71,119,134,,65,72,13,28,77,92,68,86,7,63,11,18,12,90,3,105,21,98,90,30,72,14,72,106,29,28,92,79,87,88,90,71,66,18,96,69,147,89,97,33,42,71,132,30,76,61,98,73,92,29,61,9,84,14,23,16,92,87,31,116,100,81,74,94,57,57,27,16,79,95,7,107,90,23,79,100,98,91,88,79,83,41,69,26,74,109,102,98,88,22,16,82,73,72
11,83,93,83,51,65,18,31,79,25,78,89,60,72,6,58,24,49,63,65,17,32,63,37,70,55,49,44,58,26,43,44,34,35,28,63,58,65,35,42,13,50,78,64,70,52,11,46,67,75,62,31,62,65,100,67,16,34,51,87,29,18,33,26,23,59,28,71,54,31,58,34,26,32,52,68,23,59,26,5,103,68,64,,41,55,42,46,49,2,12,58,11,52,66,76,60,66,90,56,43,24,60,43,55,41,76,42,38,62,46,20,22,24,40,13,53,73,38,81,74,66,31,41,40,66,71,22,31,31,42,62,33,30,72,60,57,57,58,23,20,61,101,70,50,43,64,36,4,60,47,48,65,71,39,21,66,62,70,68,21,49,63,52,45,15,44,42,94,35,67,54,47,57,65,40,42
37,93,101,91,17,81,45,17,87,68,86,97,22,80,34,65,32,15,71,72,60,75,70,3,77,11,58,9,19,44,2,6,44,78,14,70,65,80,41,51,40,58,86,72,78,31,49,12,109,83,69,40,69,73,108,75,24,43,60,95,69,46,3,12,51,34,36,113,61,42,65,42,67,39,61,24,31,67,33,45,111,110,71,40,,63,51,54,91,42,57,65,31,60,73,83,67,74,98,63,97,67,67,9,64,49,83,50,47,69,27,63,64,66,6,41,60,34,46,2147483647,82,74,40,49,1,108,79,50,5,74,50,69,42,42,80,22,65,64,66,59,56,68,109,77,58,51,71,44,27,67,55,56,72,78,83,62,74,77,77,75,64,87,78,18,54,43,51,3,102,78,75,87,56,64,80,48,50
54,107,99,35,75,73,62,53,30,82,29,40,78,79,50,79,29,71,13,7,74,89,84,59,21,77,36,66,77,27,64,68,58,93,50,12,17,72,57,29,57,72,84,14,76,76,55,68,124,25,15,21,15,15,106,89,39,27,38,93,83,59,54,48,65,81,34,128,75,56,79,41,81,54,10,90,30,10,48,62,110,125,13,56,63,,29,68,83,59,77,6,54,3,5,26,81,16,96,11,89,81,18,63,6,63,97,21,26,83,70,78,79,81,62,57,10,87,60,2147483647,80,88,24,33,62,123,22,67,52,89,64,83,20,52,22,75,1,15,2,83,78,19,107,91,72,65,85,42,48,19,8,70,86,19,98,81,10,70,91,89,82,79,70,74,32,60,18,65,100,93,89,79,14,3,73,64,63
44,100,78,63,67,52,52,46,58,75,57,68,70,58,41,72,21,63,23,23,67,82,77,52,35,69,26,58,67,19,57,59,51,85,43,40,25,51,50,19,47,65,64,42,56,79,56,60,116,53,28,13,29,43,86,82,31,18,15,73,76,49,59,41,58,74,30,120,68,49,72,36,74,47,5,82,23,19,41,52,89,117,41,47,55,16,,61,67,49,70,35,38,12,21,53,74,44,76,33,41,74,27,75,9,56,90,14,5,76,75,70,71,73,54,47,19,82,53,2147483647,59,81,16,24,54,115,32,57,45,81,57,76,12,44,50,70,17,23,19,66,63,28,87,84,65,58,78,38,41,27,25,63,79,47,90,69,27,49,84,82,71,51,50,65,22,50,20,56,80,85,82,63,11,34,52,57,56
40,40,104,94,64,78,48,42,90,71,89,100,67,83,37,11,35,60,75,74,63,78,16,49,81,66,60,40,30,37,54,56,47,81,39,74,71,77,27,53,43,7,89,75,81,23,52,57,112,86,74,43,75,76,111,21,28,44,62,98,72,45,43,37,54,70,39,116,7,45,15,45,70,24,57,79,34,71,19,48,114,113,75,43,47,67,54,,88,45,66,69,34,64,72,87,13,77,101,67,94,70,72,52,67,10,33,48,50,15,31,66,67,69,51,43,63,38,7,126,85,20,41,52,51,111,83,53,41,77,10,15,45,40,83,28,69,69,70,62,59,77,112,27,5,12,21,47,37,73,58,17,22,82,86,65,78,74,27,21,67,84,75,63,56,46,55,53,105,81,21,84,54,68,78,28,30
27,96,42,93,63,17,35,42,89,69,88,99,66,22,23,68,34,59,73,75,47,62,73,48,80,65,60,54,63,36,53,55,13,79,39,73,68,16,44,53,29,61,27,74,19,63,50,56,96,85,72,42,72,75,50,78,26,44,62,36,55,35,55,37,52,69,18,100,64,11,68,12,53,42,57,78,33,69,36,34,53,97,74,29,51,65,51,57,,31,66,68,19,62,76,86,70,76,39,66,5,53,70,71,65,52,86,52,49,72,57,50,51,67,50,30,63,74,49,2147483647,23,77,41,51,50,95,81,7,41,75,53,72,44,15,82,61,67,67,68,60,57,71,51,80,61,54,74,11,37,70,57,59,75,81,84,53,76,13,80,78,54,24,14,62,56,14,54,52,43,79,78,4,53,67,16,51,53
11,87,95,85,55,64,20,33,81,23,80,91,58,74,8,59,26,51,65,67,15,30,64,40,72,57,52,46,55,28,45,47,32,33,30,65,60,63,35,45,15,52,80,66,72,54,12,48,65,77,64,34,64,67,102,69,17,36,54,89,27,20,47,28,21,61,30,69,55,30,59,36,24,33,48,70,25,61,27,3,105,66,66,2,43,57,43,48,47,,9,60,21,54,68,78,61,68,92,58,41,22,62,63,57,43,77,44,41,63,48,18,20,22,42,15,55,65,40,79,76,68,33,43,42,64,73,24,32,29,44,63,36,28,74,52,59,59,60,21,18,63,103,71,52,45,65,43,6,62,49,50,66,73,38,19,68,60,71,69,19,62,61,54,48,18,46,44,96,33,69,52,45,59,64,42,44
21,95,103,93,63,77,29,41,89,63,88,99,69,82,17,67,34,59,74,73,26,56,72,48,80,21,59,54,65,36,53,55,44,42,38,73,70,76,45,52,23,60,88,74,80,64,23,56,76,85,73,42,74,75,110,77,25,45,61,97,36,29,42,36,17,69,38,80,63,42,67,44,33,42,56,8,33,70,36,11,113,77,74,10,46,66,53,56,87,9,,68,21,63,71,86,69,76,100,66,93,31,71,51,66,51,85,47,49,71,58,29,30,32,50,24,62,75,48,90,84,76,40,51,50,75,82,31,40,38,52,71,44,25,82,63,68,68,69,34,22,76,111,79,60,53,73,46,15,72,57,58,74,81,47,29,77,73,79,77,32,83,74,62,55,25,54,52,104,42,77,83,53,67,77,52,51
54,108,91,29,77,66,62,56,24,84,23,34,80,71,51,79,31,73,14,14,77,92,84,62,29,79,38,68,77,29,65,59,61,92,53,6,19,65,60,31,56,73,76,7,68,84,57,70,128,19,19,24,20,8,99,89,42,29,40,85,85,59,57,51,68,83,42,132,75,59,80,48,83,58,11,92,33,3,51,62,102,138,7,57,61,7,16,69,76,59,80,,48,4,13,27,81,9,88,15,70,80,19,65,7,65,98,26,28,83,73,80,80,83,64,57,12,92,61,2147483647,72,88,26,35,64,127,23,67,55,88,64,83,22,55,14,79,8,17,10,76,73,20,100,92,73,67,86,49,51,21,10,71,85,13,97,79,18,62,92,89,81,72,63,76,34,60,19,67,92,92,89,73,15,16,65,67,66
8,76,67,74,44,42,17,22,70,50,69,80,47,47,5,48,15,40,54,56,28,43,53,29,61,46,41,35,44,17,34,36,10,48,19,54,49,41,24,34,11,41,52,55,44,43,19,37,77,66,53,23,53,56,75,58,6,25,43,61,36,17,36,17,21,50,19,81,44,8,48,25,34,22,37,59,14,50,16,15,78,78,55,10,32,46,32,37,25,12,46,49,,43,57,67,50,57,64,47,19,34,51,52,46,32,66,33,30,52,37,31,32,36,31,12,44,54,29,91,48,57,22,32,31,76,62,21,21,44,33,52,25,6,63,41,48,48,49,29,26,52,76,60,41,34,54,22,17,51,38,39,55,62,53,34,57,38,60,58,35,40,39,43,37,8,35,33,68,48,58,30,34,48,42,31,33
50,106,86,32,74,60,58,52,27,81,26,37,80,66,47,78,28,70,10,10,73,88,83,58,25,76,32,65,76,26,63,55,57,91,49,9,14,59,56,31,53,71,72,11,64,75,62,67,122,22,18,21,19,12,94,88,38,26,22,81,82,55,53,47,64,80,34,126,74,55,78,41,80,53,7,89,30,6,47,58,97,123,10,53,62,3,26,67,70,55,76,3,44,,9,23,80,13,84,8,46,80,19,62,3,62,96,36,23,82,69,76,77,79,61,53,7,86,59,136,67,87,24,32,61,121,19,63,51,87,63,82,19,50,19,74,4,12,6,72,69,20,95,90,71,64,84,43,47,16,5,69,85,16,96,75,13,57,90,88,77,55,58,73,28,56,15,64,88,91,88,66,11,6,60,63,62
60,113,105,40,81,79,68,59,35,88,34,45,84,85,56,85,35,77,18,2,80,95,90,65,16,83,42,72,83,33,70,74,64,99,56,17,23,78,63,35,63,78,90,20,82,82,61,74,130,30,9,27,10,20,112,95,45,33,44,99,89,65,60,54,71,87,40,134,81,62,85,47,87,60,16,96,36,15,54,68,116,131,18,62,69,5,35,74,89,65,83,11,60,9,,32,87,22,102,17,95,87,12,69,12,69,103,27,32,89,76,84,85,87,68,63,16,93,66,2147483647,86,94,30,39,68,129,27,73,58,95,70,89,26,58,27,81,3,21,2,89,84,13,113,97,78,71,91,48,54,25,14,76,92,24,104,87,4,76,97,95,88,85,76,80,38,66,24,71,106,99,95,85,20,5,79,70,69
73,127,110,9,96,85,81,75,5,103,4,15,99,90,70,98,51,92,34,33,96,111,103,81,48,98,57,87,96,49,84,89,80,111,72,14,36,84,79,50,75,92,95,11,87,103,76,89,147,1,39,43,40,10,118,108,61,48,59,104,104,78,76,70,87,102,56,124,94,78,99,63,102,77,30,111,52,30,70,81,121,147,13,76,84,26,35,88,95,78,99,19,67,23,32,,100,9,107,33,101,99,38,84,26,84,117,45,46,102,92,99,99,102,83,76,31,111,80,160,91,107,45,54,83,146,42,86,74,107,83,102,41,74,17,98,28,35,29,95,92,39,119,111,92,86,105,64,70,38,28,90,104,6,116,98,37,81,111,108,100,91,82,95,53,79,37,86,111,111,108,91,34,34,84,86,85
56,44,121,107,77,97,64,55,103,84,102,113,80,101,52,2,49,73,87,87,76,91,2,62,93,79,73,60,50,50,65,58,60,95,52,87,82,95,58,66,58,8,106,88,98,49,56,70,128,99,86,55,86,89,129,7,40,58,75,115,85,61,56,50,67,83,52,132,4,58,16,58,83,34,70,92,47,83,32,64,132,128,88,58,60,80,67,13,106,61,79,82,47,77,85,100,,90,118,80,69,81,84,65,73,23,33,61,63,2,42,79,81,83,64,59,79,59,20,141,102,6,56,65,64,127,89,69,54,91,24,2,58,54,95,47,82,82,83,85,72,89,130,27,10,25,21,60,50,85,71,30,23,95,100,79,91,92,28,8,82,102,93,76,69,62,68,67,122,95,7,102,66,84,96,37,39
62,115,108,17,83,82,70,61,13,90,12,23,86,88,58,87,37,79,22,21,82,97,92,67,35,85,44,74,85,35,72,76,66,101,58,5,25,81,65,37,65,80,93,2,85,84,63,76,132,9,30,29,30,1,115,97,47,35,46,102,91,67,62,56,73,89,43,136,83,64,87,50,89,62,18,98,39,18,56,70,119,133,4,64,71,14,37,76,92,67,85,15,62,11,19,9,89,,105,19,98,89,30,71,14,71,105,28,33,91,78,86,87,89,70,65,18,95,68,146,89,96,32,41,70,131,30,75,60,97,72,91,28,60,8,83,16,23,17,91,86,31,116,99,80,73,93,51,56,27,15,78,94,4,106,89,25,79,99,97,90,88,79,82,40,68,26,73,109,101,97,88,22,18,82,72,71
95,146,2,115,114,25,103,94,111,123,110,121,119,17,91,117,72,112,95,94,115,130,122,101,100,118,82,107,116,67,105,108,99,131,91,94,89,23,98,75,97,111,10,96,19,123,95,109,44,107,93,64,93,97,10,127,80,62,70,2,124,100,108,89,103,122,81,40,113,97,118,87,122,96,109,131,66,90,89,103,13,50,95,97,104,87,75,107,39,100,118,89,86,84,92,107,119,98,,87,45,122,91,104,112,103,136,70,71,121,124,119,116,118,103,98,91,131,99,51,14,126,59,59,103,45,96,108,110,127,102,121,66,93,103,118,89,89,90,111,108,96,11,130,111,105,124,88,89,91,79,109,125,102,136,122,98,25,130,127,121,35,25,116,78,101,75,105,4,131,127,35,105,95,24,105,104
55,108,101,44,76,75,63,54,39,83,38,49,79,81,51,80,30,72,22,22,75,90,85,60,28,78,38,67,78,28,65,69,59,94,51,21,19,74,58,31,58,73,86,23,78,77,56,69,125,34,27,23,31,24,108,90,40,28,40,95,84,60,55,49,66,82,36,129,76,57,80,43,82,55,18,91,32,18,49,63,112,126,22,57,64,15,31,69,85,60,78,15,55,11,20,34,82,25,98,,91,82,24,64,14,64,98,22,27,84,71,79,80,82,63,58,12,88,61,2147483647,82,89,25,34,63,124,31,68,53,90,65,84,22,53,31,76,16,17,18,84,79,25,109,92,73,66,86,44,49,21,10,71,87,28,99,82,25,72,92,90,83,81,72,75,34,61,26,66,102,94,90,81,22,18,75,65,64
21,90,48,88,58,22,29,36,84,63,83,94,61,28,17,62,29,54,68,70,41,56,67,43,75,60,55,49,58,31,48,50,8,73,33,68,63,21,38,48,23,55,33,69,25,57,44,51,90,80,67,37,67,70,56,72,20,39,57,42,49,29,50,31,46,64,12,94,58,6,62,6,47,36,51,73,28,64,30,28,59,91,69,23,46,60,46,51,5,25,60,63,13,57,71,81,64,71,45,61,,47,65,66,60,46,80,47,44,66,51,44,45,61,45,24,58,68,43,2147483647,29,71,36,46,45,89,76,12,35,69,47,66,39,10,77,55,62,62,63,54,51,66,57,74,55,48,68,5,31,65,52,53,69,76,78,47,71,19,74,72,48,18,20,57,51,19,49,47,49,73,72,9,48,62,22,45,47
31,100,106,98,68,80,39,46,94,4,93,104,71,86,27,72,39,64,79,78,4,18,77,52,85,70,64,59,70,40,57,61,49,11,43,78,75,79,50,57,33,65,92,79,83,69,20,61,53,90,78,46,79,80,114,82,30,46,66,100,3,39,47,41,11,74,43,57,68,47,72,49,1,47,61,83,37,75,41,17,117,54,79,23,56,71,56,61,90,21,70,73,37,68,77,91,74,81,103,71,96,,76,56,71,56,90,52,52,76,63,2,7,9,55,34,67,80,53,67,87,81,43,56,55,52,87,43,45,6,57,76,47,35,87,68,73,73,74,11,8,81,115,84,65,58,78,51,41,77,62,63,79,86,15,2,82,77,84,82,1,86,78,67,60,37,59,58,108,10,82,86,58,72,80,57,56
59,112,105,48,80,79,67,58,43,87,42,53,83,85,55,84,34,76,27,5,79,94,89,64,3,82,42,71,82,32,69,73,63,98,55,25,1,78,62,35,62,77,90,27,82,81,60,73,129,38,2,27,2,28,112,94,44,32,44,99,88,64,59,53,70,86,40,133,80,61,84,47,86,59,20,95,36,23,53,67,116,130,26,61,68,12,35,73,89,64,82,20,59,16,6,38,86,29,102,17,95,86,,68,17,68,102,26,31,88,75,83,84,86,67,62,7,92,65,2147483647,86,93,29,38,67,128,36,72,57,94,69,88,26,57,35,80,10,3,9,88,83,0,113,96,77,70,90,48,53,3,13,75,91,32,103,86,6,76,96,94,87,85,76,79,38,65,23,70,106,98,94,85,24,4,79,69,68
38,94,102,92,12,82,46,40,88,69,87,98,23,81,35,66,33,16,72,73,61,76,71,3,78,20,59,11,21,45,9,11,45,79,37,71,66,81,42,52,41,59,87,73,79,33,50,13,110,84,70,41,70,74,109,76,25,44,61,96,70,47,12,35,52,35,37,114,62,43,66,43,68,40,62,33,32,68,34,46,112,111,72,41,8,64,52,55,92,43,66,66,32,61,74,84,68,75,99,64,98,68,68,,65,50,84,51,48,70,28,64,65,67,6,42,61,35,47,2147483647,83,75,41,50,8,109,80,51,14,75,51,70,43,43,81,23,66,65,67,60,57,69,110,78,59,52,72,45,35,68,56,57,73,79,84,63,75,78,78,76,65,88,79,19,55,44,52,9,103,79,76,88,57,65,81,49,51
47,103,81,65,70,55,55,49,60,77,59,70,73,61,44,75,24,66,14,14,70,84,80,55,30,72,29,61,70,22,60,62,54,88,46,42,18,54,53,22,50,68,67,44,59,82,59,63,119,55,19,15,20,45,89,85,34,21,18,76,79,52,62,44,61,76,33,123,71,52,75,39,76,50,2,85,26,10,44,55,92,120,43,50,58,7,8,64,70,52,73,8,41,4,13,47,77,46,79,10,44,76,20,78,,59,93,17,19,79,78,73,74,76,57,50,12,85,56,133,62,84,19,27,57,118,23,60,48,84,60,79,14,47,52,73,8,16,10,69,66,21,90,87,68,61,81,41,44,20,27,66,82,49,93,72,18,52,87,85,74,54,53,68,25,53,15,59,83,88,85,66,6,16,55,60,59
36,48,100,90,60,74,44,38,86,67,85,96,43,79,33,23,31,46,71,70,59,74,28,45,77,62,56,37,27,33,50,52,43,77,35,70,67,73,23,49,39,15,85,71,77,20,48,53,108,82,70,39,71,72,107,32,26,40,58,94,68,41,39,33,50,66,35,112,19,41,23,41,66,20,53,75,30,67,15,44,110,109,71,39,43,63,50,11,84,41,62,65,30,60,69,83,25,73,97,63,90,66,68,48,63,,41,44,46,27,25,62,63,65,47,39,59,35,4,2147483647,81,31,37,48,47,107,79,49,37,73,8,27,41,36,79,25,65,65,66,58,55,73,108,35,15,9,29,43,33,69,54,8,30,78,82,61,74,70,35,33,63,80,71,59,52,42,51,49,101,77,32,80,50,64,74,20,22
74,9,144,125,58,120,82,73,121,102,120,131,41,124,70,31,86,44,105,105,94,109,36,42,111,60,91,35,25,68,47,50,78,113,70,105,100,118,56,84,76,25,129,106,121,26,74,51,146,117,104,79,104,107,152,41,58,82,93,138,103,79,50,68,85,59,70,150,27,76,17,76,101,51,88,73,65,101,49,82,155,156,106,76,46,98,85,31,129,79,97,100,65,95,103,118,33,108,141,98,87,99,102,46,91,39,,79,81,35,27,97,99,101,45,77,97,13,37,2147483647,125,40,80,88,45,145,107,87,52,109,40,35,76,72,113,23,100,100,101,103,90,107,153,5,27,42,11,78,68,103,89,47,14,113,118,97,109,115,11,41,100,125,116,57,87,80,86,47,145,113,41,126,84,102,119,33,58
32,88,91,53,56,65,40,34,49,63,48,59,62,71,29,60,12,52,33,34,55,70,65,41,39,58,11,47,58,10,46,48,39,73,31,32,27,64,38,4,35,53,77,34,68,57,44,49,104,45,31,7,31,35,99,70,19,10,7,86,64,37,35,29,46,62,18,108,56,37,60,25,62,35,21,71,14,29,29,40,102,105,33,35,39,25,11,49,75,37,58,27,26,22,35,45,62,36,88,25,30,62,29,44,24,44,78,,8,64,51,58,59,61,43,35,22,68,41,118,72,69,7,16,43,103,41,45,33,69,45,64,4,32,42,56,27,26,28,54,51,30,100,72,53,46,66,27,29,29,17,51,67,40,78,57,36,62,72,70,59,39,63,55,8,38,13,45,93,73,70,71,16,26,65,45,44
38,94,72,57,61,46,46,40,52,69,51,62,64,52,35,66,15,57,29,29,61,76,71,46,41,63,20,52,61,13,51,53,45,79,37,34,31,45,44,13,41,59,58,36,50,73,50,54,110,47,34,7,35,37,80,76,25,12,9,67,70,43,53,35,52,68,24,114,62,43,66,30,68,41,11,76,17,25,35,46,83,111,35,41,49,22,5,55,61,43,64,29,32,18,28,47,68,38,70,27,35,68,33,69,15,50,84,8,,70,69,64,65,67,48,41,25,76,47,2147483647,53,75,10,18,48,109,38,51,39,75,51,70,6,38,44,64,23,29,25,60,57,34,81,78,59,52,72,32,35,33,19,57,73,41,84,63,33,43,78,76,65,45,44,59,16,44,14,50,74,79,76,57,6,28,46,51,50
58,46,123,109,79,99,66,57,105,86,104,115,82,103,54,4,51,75,89,89,78,93,1,64,95,81,75,62,52,52,67,60,62,97,54,89,84,97,61,68,60,10,108,90,100,51,58,72,130,101,88,57,88,91,131,5,43,60,77,117,87,63,58,52,69,85,54,134,6,60,18,60,85,36,72,94,49,85,34,66,134,130,90,60,62,82,69,15,108,63,81,84,49,79,87,102,2,92,120,82,71,83,86,67,75,25,36,63,65,,44,81,83,85,66,61,81,61,23,143,104,4,58,67,66,129,91,71,56,93,26,1,60,56,97,49,84,84,85,87,74,91,132,30,12,28,24,62,52,87,73,33,25,97,102,81,93,94,30,5,84,104,95,78,71,64,70,69,124,97,5,104,68,86,98,39,41
42,69,106,108,34,80,50,56,104,69,103,114,19,85,39,44,49,19,88,89,65,77,49,19,94,38,75,13,6,61,25,27,49,83,53,87,82,79,28,68,45,37,91,89,83,5,54,29,114,100,86,57,86,90,113,53,41,60,77,100,74,47,27,51,56,48,41,118,40,47,44,47,68,25,78,51,48,84,20,50,116,115,88,45,24,80,68,32,90,47,68,82,36,77,90,100,46,91,103,80,96,69,84,26,81,27,62,67,64,48,,68,69,71,21,45,77,15,24,128,87,52,57,66,23,113,96,55,29,79,28,48,59,42,97,6,82,81,83,64,61,85,114,56,36,29,50,49,39,84,72,34,51,95,88,67,91,76,56,54,69,86,77,35,71,48,68,25,107,83,53,86,73,81,80,4,9
24,97,105,95,65,79,37,44,91,8,90,101,72,84,25,69,36,61,76,75,2,16,74,50,82,67,62,56,68,38,55,57,46,16,41,75,72,79,47,55,31,62,90,76,82,66,19,58,51,87,75,44,76,77,112,79,27,47,64,99,6,37,44,39,9,71,40,55,65,44,69,46,4,44,58,80,35,72,38,16,115,52,76,21,49,68,55,58,89,19,67,70,28,65,73,88,71,78,102,68,95,2,73,53,68,53,87,50,51,73,60,,1,3,52,32,64,78,50,65,86,78,42,53,52,50,84,41,42,11,54,73,46,33,84,65,70,70,71,9,6,78,113,81,62,55,75,48,38,74,59,60,76,83,20,2,79,76,81,79,1,85,77,64,58,35,56,54,106,16,79,85,55,69,80,54,53
26,99,107,97,67,82,39,46,93,10,92,103,74,86,26,71,38,63,78,77,4,18,76,52,84,69,64,58,70,40,57,59,48,18,43,77,74,81,49,57,33,64,92,78,84,68,21,60,53,89,77,46,78,79,114,81,29,49,66,101,7,39,46,41,11,73,42,57,67,47,72,48,4,46,60,82,37,74,40,18,117,54,78,23,51,70,57,60,91,21,69,72,30,67,75,90,73,80,104,70,97,3,75,55,70,55,89,52,53,75,62,1,,2,54,34,66,79,52,67,88,80,44,55,54,52,86,43,44,13,56,75,48,34,86,67,72,72,73,11,8,80,115,84,64,57,77,50,40,76,61,62,78,85,22,5,81,78,83,81,2,87,79,66,60,37,58,56,108,18,81,87,57,71,82,56,55
33,104,107,99,69,81,41,50,95,12,94,105,78,87,29,76,40,65,80,79,6,20,81,53,86,71,68,60,74,41,58,53,50,20,47,79,76,80,54,61,35,69,93,80,84,73,22,62,55,91,79,47,80,81,115,86,31,47,70,101,14,41,51,45,13,75,47,59,72,48,76,53,6,51,65,84,38,76,45,19,118,56,80,25,57,72,57,65,91,23,74,74,38,69,77,92,78,82,104,72,97,5,77,57,72,60,94,56,53,80,67,2,1,,56,36,68,84,57,69,88,85,44,57,56,54,88,45,49,15,61,80,48,37,88,72,74,74,75,13,10,82,116,88,69,62,82,55,45,78,63,67,83,87,24,7,83,78,88,86,4,87,79,68,64,39,60,59,109,20,86,87,59,73,81,61,60
36,92,100,90,16,80,44,38,86,67,85,96,21,79,33,64,31,14,70,71,59,74,69,2,76,21,57,8,18,43,7,10,43,77,35,69,64,79,40,50,39,57,85,71,77,30,48,12,108,82,68,39,68,72,107,74,23,42,59,94,68,45,10,33,50,32,35,112,60,41,64,41,66,38,60,33,30,66,32,44,110,109,70,39,7,62,50,53,90,41,62,64,30,59,72,82,66,73,97,62,96,66,66,8,63,48,82,49,46,68,26,62,63,65,,40,59,33,45,2147483647,81,73,39,48,6,107,78,49,12,73,49,68,41,41,79,21,64,63,65,58,55,67,108,76,57,50,70,43,33,66,54,55,71,77,82,61,73,76,76,74,63,86,77,18,53,42,50,8,101,77,74,86,55,63,79,47,49
11,85,93,83,53,67,4,31,79,53,78,89,59,72,7,57,24,49,64,63,33,46,62,38,70,55,49,44,55,26,43,45,34,49,28,63,60,66,35,42,4,50,78,64,70,54,13,46,82,75,63,32,64,65,100,67,15,35,51,87,43,4,32,26,24,59,28,86,53,32,57,34,40,32,46,68,23,60,26,18,103,83,64,13,36,56,43,46,77,15,55,58,11,53,61,76,59,66,90,56,83,38,61,41,56,41,75,37,39,61,48,36,37,39,40,,52,65,38,96,74,66,30,41,40,81,72,20,30,45,42,61,34,14,72,53,58,58,59,41,29,66,101,69,50,43,63,36,26,62,47,48,64,71,54,36,67,63,69,67,39,73,64,52,45,14,44,42,94,49,67,73,43,57,67,42,41
53,104,87,40,74,62,61,52,35,81,34,45,77,67,49,75,28,70,18,7,73,88,80,59,19,76,34,64,74,26,64,66,57,92,49,17,9,61,56,27,56,69,72,19,64,80,63,67,125,30,16,20,16,20,95,85,38,27,36,81,82,58,53,47,64,80,34,129,71,55,76,41,80,54,15,89,30,14,47,61,98,135,18,55,57,11,17,65,72,58,76,12,44,8,5,30,77,21,84,11,78,78,14,62,11,61,94,18,17,79,82,77,78,80,61,56,,89,57,2147483647,68,84,23,31,61,124,27,66,51,88,60,79,18,51,27,76,2,6,3,82,69,15,96,88,69,63,82,42,47,11,5,67,81,24,97,77,11,58,88,85,79,68,59,73,30,59,15,63,88,92,85,69,19,5,61,86,62
62,115,133,113,46,108,70,61,109,90,108,119,30,113,58,86,54,34,94,93,82,97,91,31,100,48,79,23,14,56,36,38,66,101,58,93,90,107,45,72,65,79,118,94,110,15,72,39,134,105,93,67,94,95,141,96,46,70,81,127,91,67,39,56,73,51,58,138,83,64,87,64,89,42,76,61,53,90,37,70,144,144,94,64,35,86,77,76,118,67,85,88,54,83,91,106,89,96,130,86,75,87,91,34,86,71,105,67,73,91,15,86,87,89,33,65,82,,68,2147483647,114,95,68,76,33,133,102,75,41,97,72,91,68,60,102,12,88,88,89,91,78,96,142,99,79,73,93,66,56,92,77,78,94,101,106,86,97,104,99,97,88,114,105,45,75,68,74,35,134,101,96,115,73,87,107,21,26
32,44,96,86,56,70,40,34,82,63,81,92,38,75,29,19,27,41,67,66,55,70,24,41,73,58,52,32,22,29,46,48,39,73,31,66,63,69,19,45,35,11,81,67,73,15,44,49,104,78,66,35,67,68,103,28,22,36,54,90,64,37,35,29,46,62,31,108,15,37,19,37,62,16,49,71,26,63,11,40,106,105,67,35,39,59,46,7,80,37,58,61,26,56,64,79,21,69,93,59,86,62,64,44,59,3,37,40,42,23,21,58,59,61,43,35,55,31,,118,77,27,33,44,43,103,75,45,33,69,4,23,37,32,75,20,61,61,62,54,51,69,104,31,11,5,25,39,29,65,50,10,26,74,78,57,70,66,31,29,59,76,67,55,48,38,47,45,97,73,28,76,46,60,70,16,18
95,2147483647,180,2147483647,2147483647,154,103,120,168,64,167,2147483647,146,160,91,145,112,141,153,2147483647,67,81,150,128,2147483647,125,2147483647,135,144,114,128,123,124,85,117,151,2147483647,153,123,2147483647,97,138,166,152,158,155,97,2147483647,16,164,2147483647,120,2147483647,153,188,155,99,121,129,175,75,100,120,114,95,147,116,12,142,122,147,122,64,121,134,127,111,148,114,80,191,23,152,85,124,144,129,134,139,83,136,146,97,141,2147483647,164,147,154,178,141,133,65,2147483647,134,137,129,2147483647,130,129,149,148,70,70,73,131,98,142,2147483647,126,,161,154,118,130,127,17,2147483647,108,118,81,130,149,122,118,160,154,146,2147483647,147,75,71,2147483647,189,2147483647,138,131,2147483647,124,108,2147483647,135,134,2147483647,159,90,69,2147483647,151,2147483647,156,66,140,152,140,2147483647,101,132,128,182,85,155,144,131,2147483647,154,130,130
59,130,18,99,100,9,66,78,95,86,94,105,103,2,54,101,56,96,79,78,79,94,106,85,85,102,65,90,100,51,90,92,38,97,75,78,75,7,82,58,61,95,4,80,3,106,66,93,37,91,78,48,79,81,26,111,55,51,54,13,87,63,79,73,81,107,75,33,97,35,102,33,85,80,93,115,56,75,73,66,29,43,79,61,83,71,58,91,23,63,92,73,48,68,76,91,103,82,16,71,29,83,76,88,71,87,120,53,54,105,108,82,83,85,87,61,67,115,83,44,,110,49,43,87,38,87,68,77,93,86,105,49,44,88,102,73,73,74,89,86,81,27,114,95,89,108,32,65,77,63,93,109,86,102,82,82,9,114,111,84,19,9,100,61,62,59,89,20,97,111,20,58,72,9,112,88
62,50,127,113,83,103,70,61,109,90,108,119,86,107,58,7,55,79,93,93,82,97,2,68,99,85,79,66,56,56,71,64,66,101,58,93,88,101,64,72,64,13,112,94,104,55,62,76,134,105,92,61,92,95,135,1,46,64,81,121,91,67,62,56,73,89,58,138,10,64,22,64,89,40,76,98,53,89,38,70,138,134,94,64,66,86,73,18,112,67,85,88,53,83,92,106,5,96,124,86,75,87,90,71,79,28,39,67,69,3,48,85,87,89,70,65,85,65,26,147,108,,62,71,70,133,95,75,60,97,29,3,64,60,101,53,88,88,89,91,78,95,136,33,15,31,27,66,56,91,77,36,28,101,106,85,97,98,33,2,88,108,99,82,75,68,74,73,128,101,1,108,72,90,102,43,45
32,83,62,55,52,38,40,31,50,74,49,60,57,42,25,58,5,50,33,33,52,67,63,39,40,56,20,44,54,3,44,45,34,70,28,33,30,36,35,13,35,50,48,35,40,66,41,47,102,45,41,2,42,35,70,67,17,3,9,57,61,41,46,26,43,66,14,106,54,32,58,20,59,32,30,69,6,30,26,40,73,103,34,34,42,26,13,46,50,37,55,27,23,23,31,45,60,36,60,24,44,59,35,44,26,41,76,8,10,62,62,56,57,58,41,36,23,69,38,2147483647,44,66,,8,41,101,42,45,30,66,42,62,4,31,42,57,27,28,29,51,48,36,71,70,50,43,64,22,26,32,17,48,65,39,75,59,36,33,70,68,60,35,34,53,16,33,14,43,64,70,67,55,12,29,36,40,42
33,91,58,57,59,34,41,37,52,65,51,62,64,38,30,63,13,57,36,35,58,72,68,44,42,61,22,50,59,11,49,51,42,76,34,35,30,32,41,15,36,56,44,37,36,71,47,52,107,47,41,5,42,37,66,73,21,10,13,53,67,42,51,32,49,68,22,111,59,40,63,28,64,38,19,74,14,32,32,43,69,108,36,38,47,28,15,52,59,40,61,30,29,25,33,48,65,38,56,28,33,64,32,67,22,47,81,10,11,67,67,61,62,64,46,37,25,74,44,2147483647,39,72,7,,46,106,44,46,53,72,48,67,6,35,44,62,30,29,31,57,54,33,67,75,56,49,69,30,32,32,20,54,70,41,81,60,39,29,75,73,62,43,30,57,18,39,16,48,60,76,73,55,15,29,32,48,47
34,90,98,91,20,72,42,16,87,61,86,97,22,77,31,62,32,15,71,72,57,69,67,4,77,14,58,10,22,31,1,4,41,75,13,70,65,71,40,51,37,55,83,72,75,34,46,15,106,83,69,40,69,73,105,72,21,43,60,92,66,39,6,10,48,36,33,110,58,39,62,39,60,37,61,27,28,67,31,42,108,107,71,37,2,63,51,51,82,39,58,65,28,60,73,83,64,74,95,63,88,61,67,12,64,46,80,50,47,66,30,60,61,63,3,37,60,37,43,2147483647,79,71,40,49,,105,79,47,8,71,47,66,42,34,80,25,65,64,66,56,53,68,106,74,55,48,68,41,31,67,55,53,69,78,80,59,74,68,74,72,61,78,69,22,54,40,51,2,99,75,72,78,56,64,72,47,46
72,146,47,146,116,46,81,94,142,48,141,152,119,38,69,117,87,112,126,126,48,62,122,101,132,118,112,107,116,89,104,97,97,66,91,126,121,44,98,105,76,111,33,127,41,123,65,109,1,138,125,94,125,128,55,127,78,97,114,41,49,78,95,89,66,122,91,3,113,95,118,97,47,96,109,131,86,122,89,62,58,5,127,66,99,119,106,107,60,64,118,121,73,116,125,139,119,129,44,119,66,46,123,104,112,103,136,100,102,121,111,51,51,53,103,76,118,131,99,14,36,126,94,104,103,,128,85,93,62,102,121,97,91,134,118,121,121,122,75,72,128,56,130,111,105,124,99,88,124,110,109,123,134,71,46,130,46,130,127,48,56,45,115,108,79,107,106,48,66,127,56,105,123,46,105,104
62,116,99,36,85,74,70,64,31,92,30,41,88,79,59,87,39,81,11,21,85,100,92,70,37,87,46,76,85,37,73,67,69,100,61,14,25,73,68,39,64,81,84,15,76,92,65,78,136,26,26,32,27,16,107,97,50,37,48,93,93,67,65,59,76,91,50,140,83,67,88,56,91,66,19,100,41,5,59,70,110,146,15,65,69,14,24,77,84,67,88,9,56,12,19,35,89,17,96,22,78,88,27,73,15,73,106,34,36,91,81,88,88,91,72,65,20,100,69,2147483647,80,96,34,43,72,135,,75,63,96,72,91,30,63,23,87,15,24,17,84,81,28,108,100,81,75,94,57,59,27,17,79,93,20,105,87,25,70,100,97,89,80,71,84,42,68,26,75,100,100,97,81,23,24,73,75,74
20,89,50,87,57,24,27,35,83,62,82,93,60,30,15,61,28,53,67,69,40,55,66,42,74,59,54,48,57,30,47,49,21,72,32,67,62,23,37,47,21,54,35,68,27,56,43,50,89,79,66,36,66,69,58,71,19,38,56,44,48,27,49,30,45,63,26,93,57,19,61,20,46,35,50,72,27,63,29,27,61,90,68,22,45,59,45,50,8,24,59,62,22,56,70,80,63,70,47,60,14,46,64,65,59,45,79,46,43,65,50,43,44,60,44,22,57,67,42,2147483647,31,70,35,45,44,88,75,,34,68,46,65,38,17,76,54,61,61,62,53,50,65,59,73,54,47,67,19,30,64,51,52,68,75,77,46,70,21,73,71,47,32,22,56,50,6,48,46,51,72,71,11,47,61,24,44,46
43,99,107,97,23,87,51,23,93,74,92,103,28,86,40,71,38,21,77,78,66,81,76,9,83,9,64,15,25,50,8,12,50,84,20,76,71,86,47,57,46,64,92,78,84,37,55,18,115,89,75,46,75,79,114,81,30,49,66,101,75,52,1,18,57,39,42,119,67,48,71,48,73,45,67,22,37,73,39,51,117,116,77,46,5,69,57,60,97,48,52,71,37,66,79,89,73,80,104,69,103,73,73,15,70,55,89,56,53,75,33,69,70,72,12,47,66,40,52,2147483647,88,80,46,55,7,114,85,56,,80,56,75,48,48,86,28,71,70,72,65,62,74,115,83,64,57,77,50,22,73,61,62,78,84,89,68,80,83,83,81,70,93,84,24,60,49,57,9,108,84,81,93,62,70,86,54,56
37,106,112,104,74,86,45,52,100,7,99,110,77,92,33,78,45,70,85,84,10,15,83,58,91,76,70,65,76,46,63,67,55,5,49,84,81,85,56,63,39,71,98,85,89,75,26,67,59,96,84,52,85,86,120,88,36,52,72,106,4,45,53,47,17,80,49,63,74,53,78,55,4,53,67,89,43,81,47,23,123,60,85,29,62,77,62,67,96,27,76,79,43,74,82,97,80,87,109,77,102,6,82,62,77,62,96,58,58,82,69,12,13,15,61,40,73,86,59,73,93,87,49,62,61,58,93,49,51,,63,82,53,41,93,74,79,79,80,17,14,87,121,90,71,64,84,57,47,83,68,69,85,92,9,9,88,83,90,88,7,92,84,73,66,43,65,64,114,4,88,92,64,78,86,63,62
35,47,99,89,59,73,43,37,85,66,84,95,41,78,32,22,30,44,70,69,58,73,27,44,76,61,55,35,25,32,49,51,42,76,34,69,66,72,21,48,38,14,84,70,76,18,47,52,107,81,69,38,70,71,106,31,23,39,57,93,67,40,38,32,49,65,34,111,18,40,22,40,65,18,52,74,29,66,13,43,109,108,70,38,42,62,49,10,83,40,61,64,29,59,67,82,24,72,96,62,89,65,67,47,62,6,40,43,45,26,27,61,62,64,46,38,58,34,3,2147483647,80,30,36,47,46,106,78,48,36,72,,26,40,35,78,23,64,64,65,57,54,72,107,34,14,8,28,42,32,68,53,13,29,77,81,60,73,69,34,32,62,79,70,58,51,41,50,48,100,76,31,79,49,63,73,23,25
58,46,123,109,79,99,66,57,105,86,104,115,82,103,54,4,51,75,89,89,78,93,1,64,95,81,75,62,52,52,67,60,62,97,54,89,84,97,61,68,60,10,108,90,100,51,58,72,130,101,88,57,88,91,131,4,43,60,77,117,87,63,58,52,69,85,54,134,6,60,18,60,85,36,72,94,49,85,34,66,134,130,90,60,62,82,69,15,108,63,81,84,49,79,88,102,2,92,120,82,71,83,86,67,75,25,35,63,65,1,44,81,83,85,66,61,81,61,23,143,104,4,58,67,66,129,91,71,56,93,26,,60,56,97,49,84,84,85,87,74,91,132,30,12,28,23,62,52,87,73,33,25,97,102,81,93,94,30,6,84,104,95,78,71,64,70,69,124,97,5,104,68,86,98,39,41
34,87,66,51,53,40,42,33,46,76,45,56,58,46,28,59,9,51,28,28,54,69,64,40,35,57,16,46,55,7,44,46,38,72,30,28,25,39,35,9,37,52,52,30,44,54,43,48,104,41,36,1,37,31,74,69,18,7,4,61,63,43,47,28,45,61,22,108,55,36,59,28,61,33,25,70,11,25,27,42,77,105,29,36,43,21,9,48,58,39,57,22,25,18,26,41,61,32,64,19,33,61,30,45,21,43,77,4,5,63,48,58,59,60,42,38,18,64,40,118,47,68,4,7,42,103,37,47,49,68,44,63,,39,38,58,22,23,24,53,50,31,75,71,52,45,65,30,28,27,13,50,66,35,77,61,31,37,71,69,62,43,38,54,12,40,9,45,68,72,69,54,8,24,40,42,44
13,81,89,79,49,38,21,27,75,55,74,85,52,68,9,53,20,45,60,59,33,48,58,34,66,51,45,40,51,22,39,41,6,65,24,59,56,37,31,38,15,46,74,60,66,50,36,42,82,71,59,28,60,61,96,63,12,31,47,83,41,21,28,22,38,55,24,86,49,4,53,30,39,28,42,64,19,56,22,20,99,83,60,15,32,52,39,42,22,17,51,54,5,49,57,72,55,62,86,52,16,39,57,37,52,37,71,33,35,57,44,36,37,53,36,16,48,61,34,2147483647,70,62,26,37,36,81,68,25,26,61,38,57,30,,68,49,54,54,55,46,43,62,97,65,46,39,59,18,22,58,43,44,60,67,70,39,63,35,65,63,40,36,36,48,41,3,40,38,90,65,63,27,39,53,38,38,37
68,121,113,25,89,87,76,67,21,96,20,31,92,93,64,93,43,85,27,26,88,103,98,73,41,91,50,80,91,41,78,82,72,107,64,11,31,86,71,43,71,86,98,7,90,90,69,82,138,17,35,35,35,7,120,103,53,41,52,107,97,73,68,62,79,95,48,142,89,70,93,55,95,68,23,104,44,23,62,76,124,139,9,70,77,19,43,82,97,73,91,20,68,16,24,17,95,8,110,25,103,95,36,77,19,77,111,37,39,97,84,92,93,95,76,71,24,101,74,2147483647,94,102,38,47,76,137,35,81,66,103,78,97,34,66,,89,21,29,22,97,92,37,121,105,86,79,99,56,62,33,24,84,100,12,112,95,30,84,105,103,96,93,84,88,46,74,31,79,114,107,103,93,27,23,87,78,77
47,74,111,101,34,85,55,49,97,78,96,107,18,90,44,49,42,23,82,81,70,85,54,25,88,36,67,18,2,44,24,27,54,88,46,81,78,84,33,60,50,42,96,82,88,3,59,27,119,93,81,50,82,83,118,58,35,51,69,105,79,52,33,44,61,39,46,123,45,52,49,52,77,30,64,49,41,78,25,55,121,120,82,50,29,74,61,37,95,52,73,76,41,71,80,94,51,84,108,74,101,77,79,22,74,32,67,55,57,53,4,73,74,76,21,50,70,12,29,133,92,57,48,59,22,118,90,60,35,84,33,53,52,47,90,,76,76,77,69,66,84,119,61,41,34,55,54,44,80,65,39,56,89,93,72,85,81,61,59,74,91,82,33,63,53,62,24,112,88,58,91,61,75,85,9,14
56,109,101,36,77,75,64,55,31,84,30,41,80,81,52,81,31,73,14,5,76,91,86,61,20,79,38,68,79,29,66,70,60,95,52,13,19,74,59,31,59,74,86,16,78,78,57,70,126,26,13,23,14,16,108,91,41,29,40,95,85,61,56,50,67,83,36,130,77,58,81,43,83,56,12,92,32,11,50,64,112,127,14,58,65,1,31,70,85,61,79,7,56,5,3,28,83,18,98,13,91,83,16,65,8,65,99,23,28,85,72,80,81,83,64,59,5,89,62,2147483647,82,90,26,35,64,125,23,69,54,91,66,85,22,54,23,77,,17,0,85,80,17,109,93,74,67,87,44,50,21,10,72,88,20,100,83,8,72,93,91,84,81,72,76,34,62,20,67,102,95,91,81,16,2,75,66,65
56,109,102,45,77,76,64,55,40,84,39,50,80,82,52,81,31,73,23,23,76,91,86,61,6,79,39,68,79,29,66,70,60,95,52,22,2,75,59,32,59,74,87,24,79,78,57,70,126,35,9,24,9,25,109,91,41,29,41,96,85,61,56,50,67,83,37,130,77,58,81,44,83,56,17,92,33,19,50,64,113,127,23,58,65,16,32,70,86,61,79,17,56,13,22,35,83,26,99,14,92,83,3,65,14,65,99,23,28,85,72,80,81,83,64,59,7,89,62,2147483647,83,90,26,35,64,125,32,69,54,91,66,85,23,54,32,77,9,,10,85,80,4,110,93,74,67,87,45,50,3,10,72,88,29,100,83,27,73,93,91,84,82,73,76,35,62,20,67,103,95,91,82,21,5,76,66,65
57,110,102,37,78,76,65,56,32,85,31,42,81,82,53,82,32,74,15,4,77,92,87,62,19,80,39,69,80,30,67,71,61,96,53,14,20,75,60,32,60,75,87,17,79,79,58,71,127,27,12,24,13,17,109,92,42,30,41,96,86,62,57,51,68,84,37,131,78,59,82,44,84,57,13,93,33,12,51,65,113,128,15,59,66,2,32,71,86,62,80,8,57,6,3,29,84,19,99,14,92,84,15,66,9,66,100,24,29,86,73,81,82,84,65,60,13,90,63,2147483647,83,91,27,36,65,126,24,70,55,92,67,86,23,55,24,78,0,18,,86,81,16,110,94,75,68,88,45,51,22,11,73,89,21,101,84,7,73,94,92,85,82,73,77,35,63,21,68,103,96,92,82,17,3,76,67,66
36,104,118,104,74,94,39,52,100,27,99,110,77,98,27,75,45,70,84,84,6,20,80,59,90,76,70,65,74,47,62,55,53,22,49,84,79,92,56,63,34,69,103,85,95,81,16,67,56,96,83,52,83,86,126,85,34,55,72,112,16,36,53,47,6,80,49,60,71,51,76,55,13,54,67,89,44,80,47,12,129,57,85,18,57,77,64,65,103,16,75,79,30,74,82,97,77,87,115,77,62,11,81,62,70,61,94,58,60,79,69,9,11,2,61,34,76,89,57,70,99,84,52,62,61,55,86,43,51,18,60,79,55,47,92,76,79,79,80,,3,86,127,88,69,63,82,57,48,82,68,67,81,92,27,9,88,89,88,85,12,99,90,73,66,37,65,64,119,22,85,100,63,81,93,63,62
18,97,105,95,65,79,29,43,91,12,90,101,71,84,17,69,36,61,76,75,3,18,74,50,82,67,61,56,67,38,55,57,46,19,40,75,72,78,47,54,23,62,90,76,82,66,13,58,53,87,75,44,76,77,112,79,27,47,63,99,13,29,44,38,3,71,40,57,65,44,69,46,10,44,58,80,35,72,38,10,115,54,76,15,48,68,55,58,89,13,67,70,22,65,73,88,71,78,102,68,95,8,73,53,68,53,87,49,51,73,60,6,7,5,52,24,64,77,50,67,86,78,42,53,52,52,84,33,42,15,54,73,46,25,84,65,70,70,71,3,,78,113,81,62,55,75,48,38,74,59,60,76,83,24,5,79,75,81,79,9,85,76,64,57,27,56,54,106,19,79,85,55,69,79,54,53
65,116,99,52,86,74,73,64,47,93,46,57,89,79,61,87,40,82,31,5,85,100,92,71,3,88,52,76,86,38,76,78,69,104,61,29,1,73,68,45,68,81,84,31,76,92,75,79,137,42,2,32,1,32,107,97,50,39,54,93,94,70,65,59,76,92,46,141,83,67,88,53,92,66,24,101,42,27,59,73,110,147,30,67,69,12,29,77,84,70,88,24,56,20,6,42,89,33,96,21,90,90,0,74,21,73,106,30,29,91,94,89,90,92,73,68,11,101,69,2147483647,80,96,35,43,73,136,40,78,63,100,72,91,30,63,39,88,10,7,9,94,81,,108,100,81,75,94,54,59,4,17,79,93,36,109,89,6,70,100,97,91,80,71,85,48,71,27,75,100,104,97,81,28,8,73,98,74
108,159,8,128,127,38,116,107,124,136,123,134,132,29,104,130,85,125,108,107,128,143,135,114,113,131,95,120,129,80,118,121,112,144,104,107,102,36,111,88,110,124,23,109,32,136,108,122,57,120,106,77,106,110,1,140,93,75,83,15,137,113,121,102,116,135,94,53,126,110,131,100,135,109,122,144,79,103,102,116,2,63,108,110,117,100,88,120,52,113,131,102,99,97,105,120,132,111,12,100,58,135,104,117,125,116,149,83,84,134,137,132,129,131,116,111,104,144,112,64,27,139,72,72,116,58,109,121,123,140,115,134,79,106,116,131,102,102,103,124,121,109,,143,124,118,137,101,102,104,92,122,138,115,149,135,111,38,143,140,134,48,38,129,91,114,88,118,7,144,140,48,118,108,37,118,117
68,13,150,119,64,126,76,67,115,96,114,125,47,130,64,25,92,50,99,99,88,103,30,48,105,66,85,41,31,62,53,56,72,107,64,99,94,124,50,78,70,19,135,100,127,32,68,57,140,111,98,85,98,101,158,35,52,88,87,144,97,73,56,62,79,65,64,144,21,70,11,70,95,45,82,79,59,95,43,76,161,150,100,70,52,92,79,25,135,73,91,94,59,89,97,112,27,102,147,92,81,93,96,52,85,33,5,73,75,29,33,91,93,95,51,71,91,19,31,2147483647,131,34,86,77,51,139,101,81,58,103,34,29,70,66,107,29,94,94,95,97,84,101,159,,21,36,6,72,62,97,83,41,8,107,112,91,103,121,5,35,94,131,122,63,81,74,80,53,151,107,35,132,78,96,125,38,52
46,34,110,100,70,84,54,48,96,77,95,106,73,89,43,8,41,66,81,80,69,84,13,55,87,72,66,44,34,43,60,62,53,87,45,80,77,83,31,59,49,2,95,81,87,27,58,63,118,92,80,49,81,82,117,17,34,50,68,104,78,51,49,43,60,76,45,122,4,51,10,51,76,28,63,85,40,77,23,54,120,119,81,49,53,73,60,3,94,51,72,75,40,70,78,93,10,83,107,73,100,76,78,58,73,13,27,54,56,12,32,72,73,75,57,49,69,42,11,132,91,16,47,58,57,117,89,59,47,83,14,12,51,46,89,32,75,75,76,68,65,83,118,21,,16,15,53,43,79,64,21,17,88,92,71,84,80,22,18,73,90,81,69,62,52,61,59,111,87,17,90,60,74,84,27,29
37,49,101,91,61,75,45,39,87,68,86,97,33,80,34,24,32,36,72,71,60,75,29,46,78,63,57,27,17,34,51,53,44,78,36,71,68,74,24,50,40,16,86,72,78,10,49,54,109,83,71,40,72,73,108,33,25,41,59,95,69,42,40,34,51,67,36,113,20,42,24,42,67,21,54,76,31,68,16,45,111,110,72,40,44,64,51,12,85,42,63,66,31,61,69,84,26,74,98,64,91,67,69,49,64,8,42,45,47,28,26,63,64,66,48,40,60,26,4,2147483647,82,32,38,49,48,108,80,50,38,74,3,28,42,37,80,15,66,66,67,59,56,74,109,36,16,,30,44,34,70,55,15,31,79,83,62,75,71,36,34,64,81,72,60,53,43,52,50,102,78,33,81,51,65,75,21,23
61,20,157,112,71,133,69,60,108,89,107,118,54,137,57,18,53,57,92,92,81,96,23,55,98,73,78,48,38,55,60,63,65,100,57,92,87,131,43,71,63,12,142,93,134,38,61,64,133,104,91,92,91,94,165,28,45,95,80,151,90,66,63,55,72,72,57,137,14,63,4,63,88,38,75,86,52,88,36,69,168,143,93,63,59,85,72,18,142,66,84,87,52,82,90,105,20,95,154,85,74,86,89,59,78,26,12,66,68,22,39,84,86,88,58,64,84,26,24,2147483647,138,27,93,70,58,132,94,74,65,96,27,22,63,59,100,36,87,87,88,90,77,94,166,6,14,29,,65,55,90,76,34,2,100,105,84,96,128,6,28,87,138,129,70,74,67,73,60,158,100,28,139,71,89,132,45,45
27,89,87,72,57,24,35,35,68,69,67,78,63,67,23,61,13,53,52,54,47,62,66,42,59,59,39,48,59,15,47,49,8,74,32,51,47,23,39,32,29,54,73,53,64,58,45,50,96,64,51,21,51,54,95,71,25,22,41,82,55,35,36,30,47,63,7,100,57,6,61,1,53,36,36,72,12,48,30,34,98,97,52,29,40,44,30,50,27,31,59,46,18,41,55,64,63,55,84,45,4,53,49,45,44,45,79,31,28,65,52,59,60,62,44,30,42,69,42,2147483647,68,70,18,45,44,95,60,39,34,70,46,65,23,15,61,57,46,46,47,55,52,50,96,73,54,47,67,,30,49,36,52,68,59,79,53,55,20,73,71,54,12,21,56,35,17,32,46,89,74,71,24,31,46,24,46,45
12,80,88,78,48,62,21,25,74,63,73,84,54,67,9,52,19,44,59,58,41,56,57,33,65,50,44,39,50,21,38,40,31,40,22,58,55,61,30,37,15,45,73,59,65,49,11,41,91,70,58,27,59,60,95,62,9,28,46,82,50,21,27,19,13,54,23,95,48,29,52,29,48,27,41,63,18,55,21,29,98,92,59,3,31,51,38,41,72,25,26,53,18,48,56,71,54,61,85,51,78,48,56,36,51,36,70,32,34,56,43,45,46,28,35,16,47,60,33,105,69,61,25,36,35,90,67,25,25,36,37,56,29,17,67,48,53,53,54,21,18,61,96,64,45,38,58,31,,57,42,43,59,66,44,48,62,58,64,62,49,68,59,47,40,19,39,37,89,40,62,68,38,52,62,37,36
63,114,97,50,84,72,71,62,45,91,44,55,87,77,59,85,38,80,28,28,83,98,90,69,6,86,44,74,84,36,74,76,67,102,59,27,2,71,66,37,66,79,82,29,74,90,73,77,135,40,5,30,5,30,105,95,48,37,46,91,92,68,63,57,74,90,44,139,81,65,86,51,90,64,24,99,40,24,57,71,108,145,28,65,67,21,27,75,82,68,86,22,54,17,26,40,87,31,94,19,88,88,3,72,20,71,104,28,27,89,92,87,88,90,71,66,10,99,67,2147483647,78,94,33,41,71,134,37,76,61,98,70,89,28,61,37,86,13,5,14,92,79,3,106,98,79,73,92,52,57,,15,77,91,34,107,87,32,68,98,95,89,78,69,83,40,69,25,73,98,102,95,79,28,7,71,96,72
48,101,94,37,69,68,56,47,32,76,31,42,72,74,44,73,22,65,15,15,68,83,78,53,22,71,38,60,71,20,58,62,52,87,44,15,12,67,51,31,51,66,79,17,71,70,49,62,118,27,23,15,24,17,101,83,33,21,40,88,77,53,48,42,59,75,33,122,69,50,73,39,75,48,12,84,25,12,42,56,105,119,16,50,57,8,31,62,78,53,71,9,48,5,14,28,75,18,91,6,84,75,17,57,8,57,91,12,28,77,64,72,73,75,56,51,5,81,54,2147483647,75,82,18,27,56,117,24,61,46,83,58,77,15,46,24,69,9,10,11,77,72,18,102,85,66,59,79,40,42,14,,64,80,21,92,75,18,65,85,83,76,74,65,68,34,54,20,59,95,87,83,74,16,11,68,58,57
38,50,102,92,62,76,46,40,88,69,87,98,45,81,35,25,33,48,73,72,61,76,30,47,79,64,58,39,29,35,52,54,45,79,37,72,69,75,25,51,41,17,87,73,79,22,50,55,110,84,72,41,73,74,109,34,28,42,60,96,70,43,41,35,52,68,37,114,21,43,25,43,68,22,55,77,32,69,17,46,112,111,73,41,45,65,52,13,86,43,64,67,32,62,70,85,27,75,99,65,92,68,70,50,65,7,43,46,48,29,27,64,65,67,49,41,61,37,6,2147483647,83,33,39,50,49,109,81,51,39,75,10,29,43,38,81,27,67,67,68,60,57,75,110,37,17,11,31,45,35,71,56,,32,80,84,63,76,72,37,35,65,82,73,61,54,44,53,51,103,79,34,82,52,66,76,22,24
63,22,123,114,82,103,71,62,110,91,109,120,87,103,59,20,55,80,95,94,83,98,25,69,100,86,80,68,58,57,72,65,67,102,59,94,89,102,45,73,65,14,109,95,101,57,63,77,142,106,93,62,93,96,131,30,47,65,69,118,92,68,63,57,74,90,59,138,16,65,6,65,90,40,77,77,54,90,38,71,134,2147483647,95,65,67,87,74,20,82,68,86,89,54,84,92,107,22,97,121,87,76,88,91,72,80,28,14,68,70,24,51,86,88,90,71,66,90,68,26,2147483647,104,29,62,72,71,143,96,76,61,98,29,24,65,61,102,56,89,89,90,92,79,96,132,8,16,31,1,67,57,91,78,36,,102,107,86,98,99,8,30,89,83,100,83,76,69,75,74,125,102,30,86,73,94,102,45,47
66,119,112,14,87,86,74,65,10,94,9,20,90,92,62,91,41,83,26,25,86,101,96,71,39,89,48,78,89,39,76,80,70,105,62,9,29,85,69,41,69,84,97,6,89,88,67,80,136,6,34,33,34,5,119,101,51,39,50,106,95,71,66,60,77,93,47,140,87,68,91,54,93,66,22,102,43,22,60,74,123,137,8,68,75,18,41,80,96,71,89,19,66,15,24,6,93,4,109,23,102,93,34,75,18,75,109,32,37,95,82,90,91,93,74,69,22,99,72,150,93,100,36,45,74,135,34,79,64,101,76,95,32,64,12,87,20,27,21,95,90,35,120,103,84,77,97,55,60,31,19,82,98,,110,93,29,83,103,101,94,92,83,86,44,72,30,77,113,105,101,92,26,22,86,76,75
42,117,132,117,87,107,51,65,113,18,112,123,93,112,39,88,58,83,98,97,19,25,93,72,104,89,83,78,91,60,76,68,68,3,62,97,94,106,69,76,45,82,117,98,109,97,37,80,68,109,97,66,98,99,140,98,49,69,85,126,14,51,66,60,28,93,62,72,84,66,89,68,13,67,80,102,57,94,60,32,143,69,98,37,70,90,77,78,117,35,89,92,44,87,95,110,90,100,129,90,77,14,95,75,90,74,107,71,73,92,98,19,22,24,74,46,86,106,70,82,113,97,64,75,74,67,106,55,64,9,73,92,68,47,106,93,92,92,93,26,24,100,141,101,82,76,95,70,60,96,81,80,94,105,,18,101,103,101,98,18,113,104,86,79,49,78,74,133,2,98,114,77,91,106,102,75
24,98,104,96,66,78,35,44,92,5,91,102,69,84,23,70,37,62,77,76,2,16,75,50,83,68,62,57,68,38,55,59,47,13,41,76,73,77,48,55,29,63,90,77,81,67,18,59,51,88,76,44,77,78,112,80,28,44,64,98,5,35,45,39,9,72,41,55,66,45,70,47,3,45,59,81,35,73,39,15,115,52,77,21,54,69,54,59,88,19,68,71,35,66,75,89,72,79,101,69,94,2,74,54,69,54,88,50,50,74,61,2,5,7,53,30,65,78,51,65,85,79,41,54,53,50,85,39,43,8,55,74,45,40,85,66,71,71,72,9,5,79,113,82,63,56,76,49,39,75,60,61,77,84,17,,80,75,82,80,2,84,76,65,58,33,57,56,106,12,80,84,56,70,78,55,54
65,118,110,45,86,84,73,64,40,93,39,50,89,90,61,90,40,82,23,3,85,100,95,70,8,88,47,77,88,38,75,79,69,104,61,22,28,83,68,40,68,83,95,25,87,87,66,79,135,35,2,32,2,25,117,100,50,38,49,104,94,70,65,59,76,92,45,139,86,67,90,52,92,65,21,101,41,20,59,73,121,136,23,67,74,10,40,79,94,70,88,16,65,14,4,37,92,27,107,22,100,92,5,74,17,74,108,32,37,94,81,89,90,92,73,68,21,98,71,2147483647,91,99,35,44,73,134,32,78,63,100,75,94,31,63,32,86,9,26,7,94,89,6,118,102,83,76,96,53,59,30,19,81,97,29,109,92,,81,102,100,93,90,81,85,43,71,29,76,111,104,100,90,25,11,84,75,74
46,102,28,100,84,2,54,48,96,77,95,106,87,8,43,74,38,80,80,82,69,84,79,69,87,86,53,75,72,36,74,76,28,87,45,79,75,1,52,46,49,67,14,81,6,71,58,77,118,92,79,35,79,82,36,84,47,36,55,23,78,55,49,43,60,90,44,122,70,25,74,24,76,49,56,99,40,76,43,54,39,119,80,49,53,72,46,63,13,51,72,74,38,69,83,92,76,83,26,73,19,76,77,72,59,58,92,41,42,78,65,72,73,75,71,50,70,82,55,2147483647,9,83,33,33,71,117,88,59,47,83,59,78,37,34,89,70,74,74,75,68,65,78,37,86,67,60,80,22,43,77,64,65,81,87,92,71,83,,86,84,73,9,1,83,49,52,60,73,30,87,84,10,51,74,2,59,58
65,17,125,116,84,105,73,64,112,93,111,122,89,105,61,22,57,82,97,96,85,100,27,71,102,88,82,70,60,59,74,67,69,104,61,96,91,104,47,75,67,16,111,97,103,59,65,79,144,108,95,64,95,98,133,32,49,67,71,120,94,70,65,59,76,92,61,140,18,67,8,67,92,42,79,79,56,92,40,73,136,2147483647,97,67,69,89,76,22,84,70,88,91,56,86,94,109,24,99,123,89,78,90,93,74,82,30,9,70,72,26,53,88,90,92,73,68,92,70,28,2147483647,106,31,64,74,73,145,98,78,63,100,31,26,67,63,104,58,91,91,92,94,81,98,134,3,18,33,4,69,59,93,80,38,6,104,109,88,100,101,,32,91,85,102,85,78,71,77,76,127,104,32,88,75,96,104,47,49
64,52,129,115,85,105,72,63,111,92,110,121,88,109,60,10,57,81,95,95,84,99,5,70,101,87,81,68,58,58,73,66,68,103,60,95,90,103,67,74,66,16,114,96,106,57,64,78,136,107,94,63,94,97,137,2,49,66,83,123,93,69,64,58,75,91,60,140,12,66,24,66,91,42,78,100,55,91,40,72,140,136,96,66,68,88,75,21,114,69,87,90,55,85,93,108,8,98,126,88,77,89,92,73,81,31,42,69,71,6,50,87,89,91,72,67,87,67,29,149,110,2,64,73,72,135,97,77,62,99,32,6,66,62,103,55,90,90,91,93,80,97,138,36,18,34,30,68,58,93,79,39,31,103,108,87,99,100,36,,90,110,101,84,77,70,76,75,130,103,1,110,74,92,104,45,47
27,101,107,99,69,81,36,47,95,6,94,105,72,87,24,73,40,65,80,79,4,18,78,53,86,71,65,60,71,41,58,62,38,15,44,79,76,80,51,58,30,66,93,80,84,70,20,62,53,91,79,47,80,81,115,83,31,47,67,101,5,36,48,42,21,75,44,57,69,36,73,50,2,48,62,84,38,76,42,17,118,54,80,22,57,72,57,62,91,20,41,74,29,69,77,92,75,82,104,72,48,1,77,57,72,57,91,53,53,77,64,1,2,9,56,31,68,81,54,67,88,82,44,57,56,52,88,40,46,10,58,77,48,32,88,69,74,74,75,11,8,82,116,85,66,59,79,52,42,78,63,64,80,87,19,2,83,78,85,83,,87,79,68,61,34,60,59,109,14,83,87,59,73,81,58,57
50,101,40,106,107,16,57,49,102,77,101,112,110,20,45,72,26,103,86,85,70,84,77,92,92,109,53,97,107,31,97,99,29,88,46,85,82,14,53,46,52,66,25,87,17,113,50,100,58,98,85,55,86,88,48,82,33,58,55,34,78,54,50,44,61,114,21,54,68,27,73,15,76,51,50,122,26,82,44,57,51,64,86,52,54,78,65,62,15,54,73,80,39,75,83,98,74,89,37,78,21,76,83,95,78,58,91,41,61,76,115,73,74,76,94,52,74,122,54,65,21,81,56,50,94,59,94,59,48,84,57,76,56,36,95,109,80,80,81,69,66,88,49,85,66,60,79,13,44,84,70,64,78,93,93,76,89,16,85,82,77,,16,107,49,53,66,96,41,88,82,12,65,79,16,60,59
52,113,28,89,90,2,59,61,85,90,84,95,93,8,47,84,46,86,69,68,72,97,89,75,75,92,66,80,90,44,80,82,31,90,58,68,65,5,65,59,54,78,13,70,5,96,59,83,46,81,68,38,69,71,36,94,49,41,68,22,80,56,62,56,75,97,34,42,80,29,85,27,89,63,63,105,39,65,56,59,39,52,69,54,78,61,48,74,16,56,85,63,41,58,66,81,86,72,25,61,23,76,66,78,61,70,103,54,44,88,98,75,76,78,77,54,57,105,66,53,9,93,39,33,77,47,77,61,60,86,69,88,39,38,78,92,63,63,64,83,80,71,37,97,78,72,91,25,56,67,53,76,90,76,95,75,72,2,97,94,77,12,,90,62,55,49,79,29,90,94,13,48,62,1,102,71
49,105,113,103,29,93,57,51,99,80,98,109,32,92,46,77,44,16,83,84,72,87,82,15,89,32,70,11,28,56,19,25,56,90,48,82,77,92,53,63,52,70,98,84,90,40,61,24,121,95,81,52,81,85,120,87,36,55,72,107,81,58,24,46,63,14,48,125,73,54,77,54,79,51,73,45,43,79,45,57,123,122,83,52,20,75,63,66,103,54,78,77,43,72,85,95,79,86,110,75,109,79,79,21,76,61,95,62,59,81,36,75,76,78,17,53,72,43,58,135,94,86,52,61,18,120,91,62,26,86,62,81,54,54,92,31,77,76,78,71,68,80,121,89,70,63,83,56,46,79,67,68,84,90,95,74,86,89,89,87,76,99,90,,66,55,63,21,114,90,87,99,68,76,92,60,62
40,96,98,61,63,72,48,42,57,70,56,67,70,78,37,68,31,59,41,42,63,77,73,48,47,65,3,54,66,32,53,55,47,81,39,40,35,71,46,2,43,61,84,42,75,65,52,56,112,53,39,16,39,43,106,78,27,19,6,93,72,45,43,37,54,69,34,116,64,45,68,40,69,43,29,78,29,37,37,48,109,113,41,43,47,33,19,57,82,45,66,35,34,30,43,53,70,44,95,33,88,69,37,51,32,52,86,7,16,72,59,66,67,69,50,43,30,76,49,126,79,77,16,25,50,111,49,53,41,77,53,72,12,40,50,64,35,34,36,62,59,38,107,80,61,54,74,41,37,37,25,59,75,48,86,65,44,69,80,78,67,78,70,62,,46,21,52,100,81,78,78,24,34,72,53,52
14,83,56,81,51,30,22,29,77,56,76,87,54,36,10,55,22,47,61,63,36,49,60,36,68,53,48,42,51,24,41,43,15,52,26,61,56,29,31,41,16,48,41,62,33,50,16,44,85,73,60,30,60,63,64,65,13,32,50,50,46,22,43,24,27,57,32,89,51,13,55,26,43,29,44,66,21,57,23,21,67,86,62,16,39,53,39,44,14,18,53,56,16,50,64,74,57,64,53,54,20,41,58,59,53,39,73,40,37,59,44,39,40,42,38,17,51,61,36,99,37,64,29,39,38,84,69,5,28,48,40,59,32,11,70,48,55,55,56,44,32,59,65,67,48,41,61,25,24,58,45,46,62,69,57,39,64,27,67,65,42,38,28,50,44,,42,40,57,52,65,17,41,55,30,38,40
39,95,73,58,62,47,47,41,53,70,52,63,65,53,36,67,16,58,36,35,62,77,72,47,42,64,21,53,62,14,52,54,46,80,38,35,30,46,45,14,42,60,59,37,51,74,51,55,111,48,41,8,42,38,81,77,26,13,10,68,71,44,54,36,53,69,25,115,63,44,67,31,69,42,19,77,18,32,36,47,84,112,36,42,50,28,14,56,62,44,65,30,33,25,33,48,69,39,71,28,36,69,32,70,22,51,85,9,11,71,70,65,66,68,49,42,25,77,48,2147483647,54,76,11,19,49,110,44,52,40,76,52,71,7,39,45,65,30,29,31,61,58,33,82,79,60,53,73,33,36,32,20,58,74,42,85,64,39,44,79,77,66,46,45,60,17,45,,51,75,80,77,58,15,29,47,52,51
32,88,96,94,19,83,40,14,90,70,89,100,24,75,29,60,35,17,74,73,55,77,65,6,80,13,52,12,22,36,1,2,39,73,11,73,70,82,38,45,35,53,81,75,73,34,44,14,104,86,73,43,74,76,103,70,19,46,54,90,64,37,7,9,46,26,31,108,56,37,60,37,69,35,49,26,33,70,29,40,106,105,74,35,4,66,54,49,93,37,56,68,26,63,71,86,62,77,93,66,99,69,71,11,66,44,78,40,50,64,29,58,59,61,4,35,62,37,41,2147483647,77,69,44,52,2,103,82,45,9,69,45,64,45,32,83,24,68,68,69,54,51,76,104,72,53,46,66,39,29,72,58,51,67,81,78,57,77,79,72,70,59,89,80,20,48,38,54,,97,73,70,89,53,67,82,45,44
101,152,1,121,120,31,109,100,117,129,116,127,125,23,97,123,78,118,101,100,121,136,128,107,106,124,88,113,122,73,111,114,105,137,97,100,95,29,104,81,103,117,16,102,25,129,101,115,50,113,99,70,99,103,5,133,86,68,76,8,130,106,114,95,109,128,87,46,119,103,124,93,128,102,115,137,72,96,95,109,8,56,101,103,110,93,81,113,45,106,124,95,92,90,99,113,125,104,5,93,51,128,97,110,118,109,142,76,77,127,130,125,122,124,109,104,97,137,105,57,21,132,65,65,109,51,102,114,116,133,108,127,72,99,109,124,95,95,96,117,114,102,6,136,117,111,130,94,95,97,85,115,131,108,142,128,104,31,136,133,127,41,31,122,84,107,81,111,,137,133,41,111,101,30,111,110
42,110,117,108,78,91,50,56,104,12,103,114,81,97,38,82,49,74,89,88,15,20,87,62,95,80,74,69,80,51,67,71,60,1,53,88,85,90,60,67,44,75,103,89,94,79,31,71,64,100,88,56,89,90,125,92,41,57,76,111,8,50,57,51,22,84,53,68,78,58,82,59,8,57,71,93,48,85,51,28,128,65,89,34,66,81,66,71,101,32,80,83,48,78,86,101,84,91,114,81,107,11,86,66,81,66,100,62,62,86,73,16,17,19,65,45,77,90,63,78,98,91,54,66,65,63,97,54,55,4,67,86,57,46,97,78,83,83,84,22,19,91,126,94,75,68,88,61,51,87,72,73,89,96,3,14,92,88,94,92,11,97,89,77,70,48,69,68,119,,92,97,68,82,91,67,66
64,52,129,115,85,105,72,63,111,92,110,121,88,109,60,9,57,81,95,95,84,99,4,70,101,87,81,68,58,58,73,66,68,103,60,95,90,103,66,74,66,15,114,96,106,57,64,78,136,107,94,63,94,97,137,2,48,66,83,123,93,69,64,58,75,91,60,140,12,66,24,66,91,42,78,100,55,91,40,72,140,136,96,66,68,88,75,20,114,69,87,90,55,85,93,108,7,98,126,88,77,89,92,73,81,30,41,69,71,5,50,87,89,91,72,67,87,67,28,149,110,1,64,73,72,135,97,77,62,99,31,5,66,62,103,55,90,90,91,93,80,97,138,35,17,33,29,68,58,93,79,38,31,103,108,87,99,100,35,1,90,110,101,84,77,70,76,75,130,103,,110,74,92,104,45,47
39,104,38,104,74,12,46,52,100,81,99,110,77,18,34,75,55,70,84,84,59,88,80,59,90,76,70,65,74,47,62,55,18,77,49,84,79,11,56,63,41,69,23,85,15,81,46,67,56,96,83,52,83,86,46,85,36,45,72,32,67,43,53,47,62,80,49,52,71,16,76,55,80,54,67,89,44,80,47,46,49,62,85,41,57,77,64,65,3,43,76,79,28,74,82,97,77,87,35,77,10,63,81,62,70,61,94,58,60,79,69,62,63,65,61,41,76,89,57,63,19,84,42,42,61,57,86,48,51,73,60,79,55,25,92,76,79,79,80,70,67,86,47,88,69,63,82,13,47,82,68,67,81,92,82,62,88,9,88,85,64,10,10,73,66,42,65,64,39,77,85,,63,81,12,63,62
40,96,74,59,63,48,48,42,54,71,53,64,66,54,37,68,18,59,21,21,63,78,73,48,33,65,22,54,63,16,53,55,47,81,39,36,23,47,46,15,43,61,60,38,52,75,52,56,112,49,26,9,27,39,82,78,27,15,11,69,72,45,55,37,54,70,26,116,64,45,68,32,70,43,4,78,19,17,37,48,85,113,37,43,51,14,3,57,63,45,66,31,34,10,19,40,70,40,72,29,37,70,25,71,7,52,86,10,12,72,71,66,67,69,50,43,17,78,49,126,55,77,12,20,50,111,30,53,41,77,53,72,8,40,46,66,15,21,17,62,59,26,83,80,61,54,74,34,37,25,21,59,75,43,86,65,25,45,80,78,67,47,46,61,18,46,8,52,76,81,78,59,,30,48,53,52
57,108,91,44,78,66,65,56,39,85,38,49,81,71,53,79,32,74,22,22,77,92,84,63,7,80,38,68,78,30,68,70,61,96,53,21,13,65,60,31,60,73,76,23,68,84,67,71,129,34,7,24,6,24,99,89,42,31,40,85,86,62,57,51,68,84,38,133,75,59,80,45,84,58,19,93,34,18,51,65,102,139,22,59,61,15,21,69,76,62,80,16,48,12,20,34,81,25,88,15,82,82,4,66,15,65,98,22,21,83,86,81,82,84,65,60,3,93,61,2147483647,72,88,27,35,65,128,31,70,55,92,64,83,22,55,31,80,5,10,6,86,73,4,100,92,73,67,86,46,51,15,9,71,85,28,101,81,26,62,92,89,83,72,63,77,34,63,19,67,92,96,89,73,23,,65,90,66
53,114,28,91,92,0,60,62,87,91,86,97,95,8,48,85,48,88,71,70,73,98,90,77,77,94,67,82,92,45,82,84,32,91,59,70,67,6,66,60,55,79,13,72,5,98,60,85,46,83,70,40,71,73,36,95,50,43,69,22,81,57,63,57,76,99,35,42,81,30,86,28,90,64,64,107,40,67,57,60,39,52,71,55,80,63,50,75,17,57,86,65,42,60,68,83,87,74,25,63,24,77,68,80,63,71,104,55,46,89,100,76,77,79,79,55,59,107,67,53,9,94,41,35,79,47,79,62,61,87,70,89,41,39,80,94,65,65,66,84,81,73,37,98,79,73,92,26,57,69,55,77,91,78,96,76,74,4,98,95,78,13,1,92,63,56,51,81,29,91,95,14,50,64,,104,72
36,63,100,90,60,74,44,38,86,67,85,96,28,79,33,38,31,31,71,70,59,74,43,45,77,62,56,22,12,33,50,52,43,77,35,70,67,73,23,49,39,31,85,71,77,10,48,53,108,82,70,39,71,72,107,47,24,40,58,94,68,41,39,33,50,66,35,112,34,41,38,41,66,20,53,75,30,67,15,44,110,109,71,39,43,63,50,26,84,41,62,65,30,60,69,83,40,73,97,63,90,66,68,48,63,21,56,44,46,42,4,62,63,65,47,39,59,23,18,122,81,46,37,48,47,107,79,49,37,73,22,42,41,36,79,10,65,65,66,58,55,73,108,50,30,23,44,43,33,69,54,28,45,78,82,61,74,70,50,48,63,80,71,59,52,42,51,49,101,77,47,80,50,64,74,,4
43,66,108,94,64,83,51,42,90,71,89,100,31,88,39,38,35,33,75,74,63,78,43,32,81,50,60,24,14,37,36,40,47,82,39,74,71,82,7,53,46,31,93,75,85,14,44,41,113,86,74,42,75,76,116,47,27,45,62,102,72,48,39,37,54,48,39,117,34,45,38,45,70,10,57,62,34,71,16,51,119,114,75,45,36,67,52,27,93,48,66,69,43,64,72,87,40,77,105,67,56,70,72,37,67,22,56,48,48,42,7,67,68,70,36,46,63,23,19,2147483647,89,46,43,52,34,112,83,56,41,78,23,42,43,41,83,13,69,69,70,72,59,77,117,50,30,24,44,47,37,73,58,29,45,82,87,70,78,79,50,48,71,89,80,63,56,49,55,54,109,82,47,90,54,68,82,3,
